# CoordinateSystem: PROJCS["CH1903+ / LV95",GEOGCS["CH1903+",DATUM["CH1903+",SPHEROID["Bessel 1841",6377397.155,299.1528128,AUTHORITY["EPSG","7004"]],TOWGS84[674.374,15.056,405.346,0,0,0,0],AUTHORITY["EPSG","6150"]],PRIMEM["Greenwich",0,AUTHORITY["EPSG","8901"]],UNIT["degree",0.01745329251994328,AUTHORITY["EPSG","9102"]],AUTHORITY["EPSG","4150"]],PROJECTION["Oblique_Mercator",AUTHORITY["EPSG","9815"]],PARAMETER["latitude_of_center",46.95240555555561],PARAMETER["longitude_of_center",7.439583333333329],PARAMETER["azimuth",90],PARAMETER["recitified_grid_angle",90],PARAMETER["scale_factor",1],PARAMETER["false_easting",2600000],PARAMETER["false_northing",1200000],UNIT["metre",1,AUTHORITY["EPSG","9001"]],AUTHORITY["EPSG","2056"]]
#Label,X/Easting,Y/Northing,Z/Altitude,Yaw,Pitch,Roll,Error_(m),X_error,Y_error,Z_error,Error_(deg),Yaw_error,Pitch_error,Roll_error,X_est,Y_est,Z_est,Yaw_est,Pitch_est,Roll_est
DJI_0001.jpg,2507684.943811,1139152.188467,346.348027,119.199997,0.099998,-0.000000,114.184724,2.094725,-0.442980,114.164649,4.837373,4.664042,-0.395882,-1.220724,2507687.038518,1139151.745491,460.512675,123.864039,-0.295884,-1.220724
DJI_0002.jpg,2507679.062436,1139155.731288,346.348049,119.199997,0.000000,-0.000000,114.188115,2.958750,-0.988893,114.145492,4.916372,4.731194,-0.597828,-1.195458,2507682.021161,1139154.742404,460.493540,123.931191,-0.597828,-1.195458
DJI_0003.jpg,2507673.180399,1139159.369862,346.348073,119.199997,0.099998,-0.000000,114.213255,3.554892,-1.299594,114.150521,5.027021,4.774047,-0.906065,-1.287812,2507676.735260,1139158.070280,460.498593,123.974044,-0.806067,-1.287812
DJI_0004.jpg,2507668.809109,1139162.040274,346.348090,119.199997,0.099998,-0.000000,114.164150,2.677333,-0.836969,114.129683,5.016887,4.801127,-0.826915,-1.197725,2507671.486419,1139161.203313,460.477772,124.001124,-0.726917,-1.197725
DJI_0005.jpg,2507662.958275,1139165.622791,346.348113,119.199997,0.099998,-0.000000,114.132496,3.206459,-1.218004,114.080943,5.030580,4.876250,-0.523803,-1.120068,2507666.164706,1139164.404798,460.429056,124.076247,-0.423805,-1.120068
DJI_0006.jpg,2507657.815632,1139168.709601,346.248133,119.199997,0.099998,-0.000000,114.175538,3.039393,-1.202090,114.128745,5.005170,4.888516,-0.354495,-1.014136,2507660.854999,1139167.507522,460.376877,124.088513,-0.254497,-1.014136
DJI_0007.jpg,2507652.706172,1139171.870020,346.348154,119.199997,0.099998,-0.000000,114.086765,3.148642,-1.368825,114.035092,5.031032,4.904506,-0.704874,-0.871928,2507655.854786,1139170.501208,460.383245,124.104503,-0.604876,-0.871928
DJI_0008.jpg,2507649.054852,1139174.115582,346.348168,119.199997,0.000000,-0.000000,113.990043,2.136586,-0.659136,113.968112,5.078700,4.923233,-0.773135,-0.978384,2507651.191420,1139173.456452,460.316280,124.123230,-0.773135,-0.978384
DJI_0009.jpg,2507643.660624,1139177.376116,346.248189,119.199997,0.099998,-0.000000,114.040697,2.141741,-0.582141,114.019098,5.171195,4.949754,-1.053913,-1.063228,2507645.802346,1139176.793980,460.267286,124.149751,-0.953915,-1.063228
DJI_0010.jpg,2507636.463909,1139181.806948,346.348218,119.199997,0.099998,-0.000000,114.045285,4.399761,-2.085214,113.941305,5.200170,4.919760,-1.392168,-0.948471,2507640.863631,1139179.721753,460.289521,124.119757,-1.292170,-0.948471
DJI_0011.jpg,2507631.368620,1139184.914673,346.248238,119.199997,0.099998,-0.000000,114.214952,4.904951,-2.069402,114.090816,5.383599,4.805273,-1.965047,-1.425160,2507636.273528,1139182.845289,460.339052,124.005270,-1.865049,-1.425160
DJI_0012.jpg,2507625.952765,1139188.157023,346.248258,119.199997,0.099998,-0.000000,114.317377,5.107506,-1.964414,114.186327,5.389686,4.826720,-1.717047,-1.674287,2507631.060227,1139186.192626,460.434582,124.026717,-1.617049,-1.674287
DJI_0013.jpg,2507623.700680,1139189.547310,346.248267,119.199997,0.000000,-0.000000,114.161676,3.039720,-0.645756,114.119374,5.536896,4.882657,-1.777654,-1.912284,2507626.740374,1139188.901559,460.367640,124.082654,-1.777654,-1.912284
DJI_0014.jpg,2507623.229452,1139188.217307,346.348233,119.199997,0.000000,-0.000000,114.176873,3.653293,-0.384676,114.117762,5.333391,4.771563,-1.708931,-1.660364,2507626.882713,1139187.832635,460.465995,123.971560,-1.708931,-1.660364
DJI_0015.jpg,2507620.300646,1139183.515531,346.248102,119.199997,0.000000,-0.000000,114.270944,2.842874,-1.263861,114.228584,5.325546,4.710880,-1.473471,-1.999484,2507623.143496,1139182.251682,460.476686,123.910877,-1.473471,-1.999484
DJI_0016.jpg,2507619.073146,1139181.635061,346.248050,119.199997,0.099998,-0.000000,114.339522,3.181342,-0.735766,114.292887,5.184963,4.676496,-1.471347,-1.688006,2507622.254460,1139180.899301,460.540936,123.876493,-1.371349,-1.688006
DJI_0017.jpg,2507622.471236,1139179.597190,346.248037,119.199997,0.099998,-0.000000,114.322269,3.600628,-0.941874,114.261672,5.224142,4.516573,-1.605778,-2.076946,2507626.071832,1139178.655324,460.509708,123.716570,-1.505780,-2.076946
DJI_0018.jpg,2507628.027142,1139176.151952,346.248014,119.199997,0.000000,-0.000000,114.194805,3.324953,-0.905777,114.142796,5.329072,4.557664,-2.050988,-1.849366,2507631.352067,1139175.246183,460.390809,123.757661,-2.050988,-1.849366
DJI_0019.jpg,2507634.320806,1139172.327902,346.247990,119.199997,0.000000,-0.000000,114.040959,1.874695,-0.044632,114.025540,5.263787,4.570696,-1.828488,-1.863551,2507636.195485,1139172.283271,460.273530,123.770693,-1.828488,-1.863551
DJI_0020.jpg,2507638.959099,1139169.514399,346.247972,119.199997,0.000000,-0.000000,114.029842,1.951646,-0.152035,114.013038,4.955583,4.485873,-1.211695,-1.722363,2507640.910728,1139169.362365,460.261009,123.685870,-1.211695,-1.722363
DJI_0021.jpg,2507644.349770,1139166.300241,346.247952,119.199997,0.000000,-0.000000,114.022736,1.500193,0.217260,114.012660,4.833758,4.391804,-0.826312,-1.842411,2507645.849950,1139166.517500,460.260612,123.591801,-0.826312,-1.842411
DJI_0022.jpg,2507650.327005,1139162.740475,346.247931,119.199997,0.000000,-0.000000,114.082980,0.312890,0.743531,114.080128,4.761435,4.461935,-0.310925,-1.632706,2507650.639892,1139163.483999,460.328058,123.661932,-0.310925,-1.632706
DJI_0023.jpg,2507655.969431,1139159.361879,346.247910,119.199997,0.000000,-0.000000,114.222397,0.691777,0.613891,114.218653,4.780970,4.468279,-0.163156,-1.692789,2507656.661202,1139159.975765,460.466562,123.668276,-0.163156,-1.692789
DJI_0024.jpg,2507656.729215,1139158.886991,346.247907,119.199997,0.000000,-0.000000,114.439224,4.601356,-1.689488,114.334199,4.829329,4.464351,-0.539216,-1.761032,2507661.330532,1139157.197518,460.582104,123.664348,-0.539216,-1.761032
DJI_0025.jpg,2507661.626343,1139155.952183,346.247889,119.199997,0.000000,-0.000000,114.486287,4.578390,-1.732816,114.381579,4.758630,4.404956,-0.634956,-1.684562,2507666.204693,1139154.219383,460.629466,123.604953,-0.634956,-1.684562
DJI_0026.jpg,2507670.621524,1139150.502479,346.247854,119.199997,0.000000,-0.000000,114.388182,0.714937,0.450686,114.385059,4.713270,4.403078,-0.772526,-1.493658,2507671.336455,1139150.953160,460.632914,123.603075,-0.772526,-1.493658
DJI_0027.jpg,2507673.437265,1139148.804009,346.247844,119.199997,0.000000,-0.000000,114.460948,2.967954,-0.928752,114.418693,4.705380,4.420932,-0.698924,-1.451710,2507676.405193,1139147.875265,460.666536,123.620929,-0.698924,-1.451710
DJI_0028.jpg,2507680.644294,1139144.484239,346.247817,119.199997,0.000000,-0.000000,114.476292,0.782122,0.358801,114.473058,4.665221,4.405642,-0.464273,-1.462552,2507681.426409,1139144.843037,460.720875,123.605639,-0.464273,-1.462552
DJI_0029.jpg,2507686.288463,1139141.077848,346.347796,119.199997,0.000000,-0.000000,114.469327,0.135921,0.725931,114.466945,4.603810,4.377967,-0.179548,-1.412881,2507686.424383,1139141.803773,460.814740,123.577964,-0.179548,-1.412881
DJI_0030.jpg,2507689.365976,1139139.171548,346.347783,119.199997,0.000000,-0.000000,114.569442,2.316621,-0.487328,114.544982,4.652772,4.375432,-0.272970,-1.558645,2507691.682577,1139138.684225,460.892764,123.575429,-0.272970,-1.558645
DJI_0031.jpg,2507696.332201,1139135.031522,346.247758,119.199997,0.000000,-0.000000,114.692258,0.762870,0.569186,114.688308,4.670072,4.337898,-0.561213,-1.636231,2507697.095065,1139135.600703,460.936066,123.537895,-0.561213,-1.636231
DJI_0032.jpg,2507701.790533,1139131.766965,346.347738,119.199997,0.000000,-0.000000,114.679174,0.892486,0.608052,114.674089,4.617585,4.231909,-0.581577,-1.753513,2507702.683011,1139132.375012,461.021827,123.431906,-0.581577,-1.753513
DJI_0033.jpg,2507706.662354,1139128.851112,346.347720,119.199997,0.000000,-0.000000,114.739178,1.253950,0.476899,114.731335,4.564748,4.163111,-0.584315,-1.778764,2507707.916294,1139129.328007,461.079055,123.363108,-0.584315,-1.778764
DJI_0034.jpg,2507712.100567,1139125.667173,346.247702,119.199997,0.000000,-0.000000,114.858009,1.181707,0.475203,114.850947,4.456299,4.019124,-0.880128,-1.711906,2507713.282265,1139126.142372,461.098649,123.219121,-0.880128,-1.711906
DJI_0035.jpg,2507716.482772,1139123.008977,346.347685,119.199997,0.099998,-0.000000,114.743745,1.958553,0.052388,114.727017,4.537722,3.903886,-1.525762,-1.738575,2507718.441307,1139123.061364,461.074702,123.103883,-1.425764,-1.738575
DJI_0036.jpg,2507720.312499,1139120.689696,346.247670,119.199997,0.000000,-0.000000,114.802251,3.119474,-0.695720,114.757752,4.301366,3.794564,-1.180814,-1.645815,2507723.431946,1139119.993982,461.005421,122.994561,-1.180814,-1.645815
DJI_0037.jpg,2507723.040542,1139118.983326,346.347659,119.199997,0.000000,-0.000000,114.800296,3.558173,-0.828132,114.742152,4.242818,3.721473,-1.339602,-1.535452,2507726.598684,1139118.155202,461.089810,122.921470,-1.339602,-1.535452
DJI_0038.jpg,2507720.828007,1139116.123494,346.447575,119.199997,0.099998,-0.000000,114.586104,3.686487,0.044277,114.526779,4.363801,3.682346,-1.738398,-1.568776,2507724.514462,1139116.167771,460.974353,122.882343,-1.638400,-1.568776
DJI_0039.jpg,2507718.065205,1139112.212817,346.347463,119.199997,0.000000,-0.000000,114.565008,3.091759,-0.808949,114.520425,4.596963,3.812401,-1.588636,-2.018391,2507721.156937,1139111.403875,460.867887,123.012398,-1.588636,-2.018391
DJI_0040.jpg,2507717.126836,1139113.304998,346.447478,119.199997,0.099998,-0.000000,114.538348,3.835595,-1.086029,114.468956,4.235778,3.812819,-1.082522,-1.494113,2507720.962399,1139112.218978,460.916433,123.012816,-0.982524,-1.494113
DJI_0041.jpg,2507710.944670,1139117.022254,346.247501,119.199997,0.099998,-0.000000,114.730059,4.216769,-1.395769,114.644045,4.423407,3.992671,-1.368724,-1.323519,2507715.161403,1139115.626498,460.891545,123.192668,-1.268726,-1.323519
DJI_0042.jpg,2507706.937634,1139119.483232,346.247517,119.199997,0.099998,-0.000000,114.791399,3.056345,-0.657813,114.748818,4.550082,4.177737,-1.222637,-1.324733,2507709.993953,1139118.825425,460.996335,123.377734,-1.122639,-1.324733
DJI_0043.jpg,2507701.570899,1139122.869909,346.247541,119.199997,0.099998,-0.000000,114.896460,3.220592,-0.728027,114.849006,4.708516,4.376818,-1.101425,-1.341811,2507704.791463,1139122.141888,461.096546,123.576815,-1.001427,-1.341811
DJI_0044.jpg,2507695.926364,1139126.393643,346.247565,119.199997,0.099998,-0.000000,114.898588,3.418460,-0.914818,114.844080,4.768998,4.525997,-0.691618,-1.334303,2507699.344795,1139125.478833,461.091644,123.725994,-0.591620,-1.334303
DJI_0045.jpg,2507691.118339,1139129.428968,346.347586,119.199997,0.099998,-0.000000,114.683674,3.092862,-0.655471,114.640087,4.862511,4.631992,-0.555716,-1.371071,2507694.211175,1139128.773502,460.987672,123.831989,-0.455718,-1.371071
DJI_0046.jpg,2507685.307377,1139133.106588,346.347611,119.199997,0.099998,-0.000000,114.597107,3.884422,-1.267793,114.524238,4.892072,4.667187,-0.754742,-1.257018,2507689.191765,1139131.838806,460.871848,123.867184,-0.654744,-1.257018
DJI_0047.jpg,2507680.461056,1139136.151778,346.247632,119.199997,0.099998,-0.000000,114.631463,3.454232,-1.094174,114.574182,4.883712,4.719699,-0.513265,-1.145268,2507683.915257,1139135.057614,460.821814,123.919696,-0.413267,-1.145268
DJI_0048.jpg,2507675.085521,1139139.520084,346.247655,119.199997,0.099998,-0.000000,114.572835,3.575358,-1.239685,114.510325,4.902815,4.768098,-0.416749,-1.062618,2507678.660848,1139138.280410,460.757980,123.968095,-0.316751,-1.062618
DJI_0049.jpg,2507669.807026,1139142.806613,346.247678,119.199997,0.099998,-0.000000,114.563767,4.022232,-1.581475,114.482214,4.891488,4.734255,-0.804619,-0.930633,2507673.829224,1139141.225152,460.729890,123.934252,-0.704621,-0.930633
DJI_0050.jpg,2507664.671951,1139145.970506,346.247698,119.199997,0.099998,-0.000000,114.599040,4.288732,-1.613441,114.507395,5.004561,4.745875,-1.176490,-1.066852,2507668.960646,1139144.357079,460.755092,123.945872,-1.076492,-1.066852
DJI_0051.jpg,2507659.565171,1139149.167938,346.347720,119.199997,0.099998,-0.000000,114.599584,4.224570,-1.532203,114.511440,5.005301,4.766043,-1.030705,-1.129386,2507663.789704,1139147.635748,460.859159,123.966040,-0.930707,-1.129386
DJI_0052.jpg,2507656.024396,1139151.377831,346.247735,119.199997,0.099998,-0.000000,114.683548,2.562801,-0.406734,114.654188,4.954596,4.765892,-0.664533,-1.180123,2507658.587175,1139150.971100,460.901923,123.965889,-0.564535,-1.180123
DJI_0053.jpg,2507651.182705,1139154.444588,346.347757,119.199997,0.099998,-0.000000,114.578721,2.310513,-0.049946,114.555412,4.958989,4.729324,-0.496385,-1.406652,2507653.493199,1139154.394642,460.903168,123.929321,-0.396387,-1.406652
DJI_0054.jpg,2507644.562261,1139158.557750,346.347784,119.199997,0.099998,-0.000000,114.530067,4.073374,-1.185016,114.451473,4.955276,4.675258,-0.862574,-1.397384,2507648.635600,1139157.372745,460.799256,123.875255,-0.762576,-1.397384
DJI_0055.jpg,2507639.205992,1139161.925794,346.347808,119.199997,0.099998,-0.000000,114.478579,4.450545,-1.298047,114.384671,5.017119,4.707172,-0.938794,-1.460368,2507643.656498,1139160.627758,460.732476,123.907169,-0.838796,-1.460368
DJI_0056.jpg,2507634.159195,1139165.131595,346.347830,119.199997,0.099998,-0.000000,114.420025,4.630217,-1.313722,114.318753,5.080869,4.689564,-1.119177,-1.603331,2507638.789371,1139163.817885,460.666582,123.889561,-1.019179,-1.603331
DJI_0057.jpg,2507629.579665,1139168.015232,346.347850,119.199997,0.099998,-0.000000,114.373793,4.581753,-1.181821,114.275874,5.333270,4.736141,-1.726794,-1.740955,2507634.161379,1139166.833422,460.623723,123.936138,-1.626796,-1.740955
DJI_0058.jpg,2507625.054924,1139170.848622,346.247869,119.199997,0.099998,-0.000000,114.527569,4.249309,-1.055928,114.443839,5.428026,4.764861,-2.016064,-1.641664,2507629.304196,1139169.792704,460.691707,123.964858,-1.916066,-1.641664
DJI_0059.jpg,2507619.442427,1139174.365761,346.247893,119.199997,0.099998,-0.000000,114.735584,4.765438,-1.472529,114.627119,5.423361,4.735726,-2.144011,-1.545627,2507624.207823,1139172.893245,460.875011,123.935723,-2.044013,-1.545627
DJI_0060.jpg,2507615.817370,1139176.651088,346.247909,119.199997,0.000000,-0.000000,114.728822,3.222873,-0.496533,114.682471,5.286246,4.752056,-1.675072,-1.598904,2507619.040215,1139176.154559,460.930379,123.952053,-1.675072,-1.598904
DJI_0061.jpg,2507615.237559,1139174.510531,346.447857,119.199997,0.099998,-0.000000,114.539574,4.056828,0.867854,114.464418,5.087009,4.665696,-1.570137,-1.282032,2507619.294351,1139175.378377,460.912274,123.865693,-1.470139,-1.282032
DJI_0062.jpg,2507612.328005,1139170.089501,346.147732,119.199997,0.099998,-0.000000,114.625806,3.521778,-0.355384,114.571141,5.298499,4.577871,-1.948196,-1.822559,2507615.849752,1139169.734120,460.718872,123.777868,-1.848198,-1.822559
DJI_0063.jpg,2507613.281099,1139170.377535,346.247748,119.199997,0.000000,-0.000000,114.397760,2.686663,-0.438840,114.365365,5.173526,4.511568,-2.047312,-1.489847,2507615.967738,1139169.938699,460.613112,123.711565,-2.047312,-1.489847
DJI_0064.jpg,2507617.950686,1139167.097205,346.247720,119.199997,0.000000,-0.000000,114.265454,3.436771,-0.910568,114.210128,5.328518,4.445698,-2.362103,-1.746236,2507621.387427,1139166.186645,460.457847,123.645695,-2.362103,-1.746236
DJI_0065.jpg,2507622.797673,1139163.820333,346.347694,119.199997,0.000000,-0.000000,113.994675,3.692923,-0.658024,113.932942,5.610254,4.441514,-2.609512,-2.222239,2507626.490564,1139163.162315,460.280635,123.641511,-2.609512,-2.222239
DJI_0066.jpg,2507628.263362,1139160.203536,346.247666,119.199997,0.000000,-0.000000,113.962455,2.659139,0.015968,113.931427,5.217505,4.473856,-1.557158,-2.186831,2507630.922478,1139160.219504,460.179092,123.673853,-1.557158,-2.186831
DJI_0067.jpg,2507633.568507,1139156.706559,346.247640,119.199997,0.000000,-0.000000,113.931270,2.354203,0.195354,113.906777,5.066147,4.467289,-0.910288,-2.209198,2507635.922689,1139156.901911,460.154417,123.667286,-0.910288,-2.209198
DJI_0068.jpg,2507639.114767,1139153.048388,346.247612,119.199997,0.099998,-0.000000,113.922227,1.584142,0.768374,113.908621,5.149794,4.498678,-1.095223,-2.254499,2507640.698895,1139153.816755,460.156232,123.698675,-0.995225,-2.254499
DJI_0069.jpg,2507642.338713,1139150.939078,346.347596,119.199997,0.000000,-0.000000,113.879018,3.404996,-0.557403,113.826737,5.035738,4.526844,-0.664903,-2.103390,2507645.743679,1139150.381679,460.174332,123.726841,-0.664903,-2.103390
DJI_0070.jpg,2507647.608600,1139147.510596,346.347571,119.199997,0.000000,-0.000000,113.819461,3.105457,-0.487987,113.776042,5.010687,4.560087,-0.525656,-2.009049,2507650.714030,1139147.022613,460.123612,123.760084,-0.525656,-2.009049
DJI_0071.jpg,2507654.429210,1139143.073189,346.247538,119.199997,0.000000,-0.000000,113.836169,1.542819,0.486139,113.824676,5.157317,4.647164,-0.938816,-2.029878,2507655.972015,1139143.559324,460.072214,123.847161,-0.938816,-2.029878
DJI_0072.jpg,2507658.170614,1139140.569924,346.247518,119.199997,0.000000,-0.000000,113.878060,2.285254,-0.149929,113.855029,5.208193,4.785223,-0.781275,-1.901715,2507660.455849,1139140.419996,460.102547,123.985220,-0.781275,-1.901715
DJI_0073.jpg,2507663.696252,1139136.958416,346.247491,119.199997,0.099998,-0.000000,113.962470,2.107603,0.027986,113.942976,5.278190,4.815877,-0.794303,-2.008905,2507665.803836,1139136.986401,460.190467,124.015874,-0.694305,-2.008905
DJI_0074.jpg,2507668.444781,1139133.806623,346.247467,119.199997,0.000000,-0.000000,114.057212,2.224243,-0.057150,114.035508,5.279587,4.851960,-0.417848,-2.039099,2507670.669005,1139133.749474,460.282975,124.051957,-0.417848,-2.039099
DJI_0075.jpg,2507672.971383,1139130.812647,346.347444,119.199997,0.000000,-0.000000,114.079934,2.697018,-0.310243,114.047627,5.339431,4.866784,-0.351544,-2.168029,2507675.668377,1139130.502407,460.395071,124.066781,-0.351544,-2.168029
DJI_0076.jpg,2507679.451465,1139126.599756,346.247413,119.199997,0.099998,-0.000000,114.268941,1.189460,0.539533,114.261477,5.333365,4.877605,-0.549578,-2.086078,2507680.640914,1139127.139285,460.508890,124.077602,-0.449580,-2.086078
DJI_0077.jpg,2507684.769201,1139123.084100,346.347386,119.199997,0.099998,-0.000000,114.283086,1.024373,0.570853,114.277069,5.278541,4.813695,-0.723596,-2.041505,2507685.793565,1139123.654948,460.624456,124.013692,-0.623598,-2.041505
DJI_0078.jpg,2507688.794750,1139120.437529,346.247366,119.199997,0.099998,-0.000000,114.439755,2.026725,-0.189506,114.421650,5.232616,4.787329,-0.775064,-1.964950,2507690.821458,1139120.248025,460.669016,123.987326,-0.675066,-1.964950
DJI_0079.jpg,2507694.559542,1139116.674148,346.247338,119.199997,0.000000,-0.000000,114.475652,1.403975,0.197780,114.466871,5.242197,4.771599,-0.884179,-1.982600,2507695.963504,1139116.871927,460.714209,123.971596,-0.884179,-1.982600
DJI_0080.jpg,2507698.293286,1139114.226615,346.247320,119.199997,0.000000,-0.000000,114.588956,2.819631,-0.885376,114.550838,5.143688,4.633272,-1.225458,-1.867771,2507701.112893,1139113.341246,460.798158,123.833269,-1.225458,-1.867771
DJI_0081.jpg,2507705.337141,1139109.572753,346.247285,119.199997,0.099998,-0.000000,114.575271,0.954754,0.344997,114.570773,5.088515,4.501105,-1.445952,-1.882089,2507706.291887,1139109.917747,460.818058,123.701102,-1.345954,-1.882089
DJI_0082.jpg,2507707.344323,1139108.232573,346.247274,119.199997,0.099998,-0.000000,114.659401,4.056647,-1.696251,114.575061,5.014165,4.369568,-1.549500,-1.909914,2507711.400935,1139106.536338,460.822334,123.569565,-1.449502,-1.909914
DJI_0083.jpg,2507713.115317,1139104.314699,346.347243,119.199997,0.099998,-0.000000,114.611633,3.066884,-1.097390,114.565337,4.788947,4.244187,-1.408274,-1.713959,2507716.182174,1139103.217319,460.912579,123.444184,-1.308276,-1.713959
DJI_0084.jpg,2507711.430071,1139103.237996,346.447203,119.199997,0.099998,-0.000000,114.406447,4.237220,0.110609,114.327900,4.847221,4.267008,-1.851078,-1.364442,2507715.667255,1139103.348604,460.775102,123.467005,-1.751080,-1.364442
DJI_0085.jpg,2507707.855467,1139098.360776,346.247062,119.199997,0.099998,-0.000000,114.508878,3.942074,-0.394747,114.440322,4.966539,4.260808,-1.945547,-1.651322,2507711.797507,1139097.966032,460.687383,123.460805,-1.845549,-1.651322
DJI_0086.jpg,2507707.480270,1139098.137989,346.347054,119.199997,0.099998,-0.000000,114.383090,3.303873,-1.601453,114.324149,4.820468,4.247342,-1.739294,-1.473720,2507710.784114,1139096.536550,460.671202,123.447339,-1.639296,-1.473720
DJI_0087.jpg,2507704.275592,1139100.253142,346.347070,119.199997,0.099998,-0.000000,114.444090,3.139833,-1.422323,114.392168,4.877412,4.283331,-2.030717,-1.148221,2507707.415398,1139098.830831,460.739237,123.483328,-1.930719,-1.148221
DJI_0088.jpg,2507698.465486,1139104.128388,346.247100,119.199997,0.099998,-0.000000,114.675037,3.562559,-1.737422,114.606517,4.842039,4.481240,-1.441943,-1.133418,2507702.028015,1139102.390982,460.853615,123.681237,-1.341945,-1.133418
DJI_0089.jpg,2507693.575157,1139107.510862,346.247128,119.199997,0.099998,-0.000000,114.731002,3.300724,-1.496689,114.673746,4.937506,4.647665,-1.140441,-1.215556,2507696.875853,1139106.014186,460.920873,123.847662,-1.040443,-1.215556
DJI_0090.jpg,2507688.135821,1139111.179697,346.247157,119.199997,0.099998,-0.000000,114.818324,3.338232,-1.226926,114.763227,5.100691,4.863832,-0.380389,-1.488452,2507691.474024,1139109.952781,461.010383,124.063829,-0.280391,-1.488452
DJI_0091.jpg,2507682.893689,1139114.749778,346.247186,119.199997,0.099998,-0.000000,114.816296,3.666283,-1.469360,114.748338,5.130564,4.891837,-0.513141,-1.459212,2507686.559940,1139113.280431,460.995523,124.091834,-0.413143,-1.459212
DJI_0092.jpg,2507678.173711,1139117.953622,346.247211,119.199997,0.099998,-0.000000,114.834034,3.615573,-1.160758,114.771231,5.236151,4.922080,-0.721308,-1.634049,2507681.789252,1139116.792874,461.018442,124.122077,-0.621310,-1.634049
DJI_0093.jpg,2507672.714024,1139121.687634,346.347242,119.199997,0.099998,-0.000000,114.703711,4.052452,-1.212631,114.625689,5.308578,4.964711,-0.457530,-1.822995,2507676.766441,1139120.475014,460.972929,124.164708,-0.357532,-1.822995
DJI_0094.jpg,2507668.777157,1139124.403892,346.247264,119.199997,0.099998,-0.000000,114.733359,3.105296,-0.373154,114.690721,5.378851,4.960414,-0.450114,-2.030695,2507671.882425,1139124.030741,460.937984,124.160411,-0.350116,-2.030695
DJI_0095.jpg,2507662.831509,1139128.494339,346.247297,119.199997,0.099998,-0.000000,114.750352,4.349320,-0.987875,114.663642,5.500899,4.966788,-0.711162,-2.255030,2507667.180792,1139127.506473,460.910938,124.166785,-0.611164,-2.255030
DJI_0096.jpg,2507658.858003,1139131.189544,346.247319,119.199997,0.099998,-0.000000,114.706890,3.459049,-0.483488,114.653704,5.479384,4.990472,-0.904056,-2.074010,2507662.317022,1139130.706060,460.901022,124.190469,-0.804058,-2.074010
DJI_0097.jpg,2507654.434796,1139134.237533,346.247344,119.199997,0.099998,-0.000000,114.642074,3.079369,-0.235851,114.600466,5.517052,5.001837,-1.073662,-2.065610,2507657.514138,1139134.001684,460.847810,124.201834,-0.973664,-2.065610
DJI_0098.jpg,2507648.710911,1139138.157828,346.247376,119.199997,0.099998,-0.000000,114.682753,3.679567,-0.781278,114.621046,5.352922,4.913580,-0.993740,-1.876963,2507652.390446,1139137.376557,460.868421,124.113577,-0.893742,-1.876963
DJI_0099.jpg,2507643.238397,1139141.888979,346.247406,119.199997,0.099998,-0.000000,114.722827,4.044688,-1.226871,114.644941,5.190386,4.841612,-0.904054,-1.637555,2507647.283050,1139140.662118,460.892345,124.041609,-0.804056,-1.637555
DJI_0100.jpg,2507639.267896,1139144.639738,346.347429,119.199997,0.000000,-0.000000,114.638333,3.054677,-0.522607,114.596436,5.201999,4.847180,-0.805054,-1.708077,2507642.322546,1139144.117135,460.943864,124.047177,-0.805054,-1.708077
DJI_0101.jpg,2507634.061900,1139148.193867,346.347458,119.199997,0.099998,-0.000000,114.567742,3.109946,-0.654034,114.523657,5.187237,4.900626,-0.594881,-1.592924,2507637.171819,1139147.539839,460.871114,124.100623,-0.494883,-1.592924
DJI_0102.jpg,2507629.295216,1139151.413908,346.347483,119.199997,0.099998,-0.000000,114.525586,3.060568,-0.711976,114.482469,5.132666,4.842625,-0.832734,-1.483170,2507632.355757,1139150.701938,460.829952,124.042622,-0.732736,-1.483170
DJI_0103.jpg,2507624.370880,1139154.803136,346.347511,119.199997,0.099998,-0.000000,114.498620,3.250366,-1.018060,114.447948,5.168922,4.839547,-1.303815,-1.263568,2507627.621217,1139153.785086,460.795457,124.039544,-1.203817,-1.263568
DJI_0104.jpg,2507620.639990,1139157.293909,346.347530,119.199997,0.099998,-0.000000,114.479540,2.245761,-0.351002,114.456972,5.297336,4.847600,-1.719306,-1.267491,2507622.885731,1139156.942910,460.804502,124.047597,-1.619308,-1.267491
DJI_0105.jpg,2507614.012429,1139161.916781,346.347569,119.199997,0.099998,-0.000000,114.646554,4.225185,-1.765187,114.555071,5.429510,4.813027,-2.171432,-1.264608,2507618.237577,1139160.151610,460.902638,124.013024,-2.071434,-1.264608
DJI_0106.jpg,2507610.045328,1139164.608833,346.347590,119.199997,0.099998,-0.000000,114.697986,2.884351,-0.745735,114.659289,5.270081,4.867040,-1.479675,-1.377040,2507612.929653,1139163.863104,461.006878,124.067037,-1.379677,-1.377040
DJI_0107.jpg,2507608.545851,1139165.474929,346.347595,119.199997,0.000000,-0.000000,114.608067,2.949939,-0.774686,114.567477,5.359283,4.979915,-1.303157,-1.491358,2507611.495764,1139164.700250,460.915071,124.179912,-1.303157,-1.491358
DJI_0108.jpg,2507606.137898,1139162.414309,346.447505,119.199997,0.099998,-0.000000,114.411634,2.934307,-1.056780,114.369118,5.445176,4.826166,-1.885367,-1.674353,2507609.072179,1139161.357539,460.816622,124.026163,-1.785369,-1.674353
DJI_0109.jpg,2507602.722484,1139158.028832,346.347377,119.199997,0.000000,-0.000000,114.413141,2.939875,-1.086927,114.370199,5.312094,4.676866,-1.761665,-1.800501,2507605.662333,1139156.941915,460.717575,123.876863,-1.761665,-1.800501
DJI_0110.jpg,2507605.497969,1139157.050519,346.247382,119.199997,0.099998,-0.000000,114.308255,1.222663,0.264733,114.301409,5.197892,4.439328,-2.147489,-1.642782,2507606.720622,1139157.315249,460.548790,123.639325,-2.047491,-1.642782
DJI_0111.jpg,2507610.304471,1139153.641461,346.347352,119.199997,0.000000,-0.000000,114.145400,2.474779,-0.468942,114.117606,5.182518,4.185284,-2.400726,-1.891666,2507612.779229,1139153.172524,460.464958,123.385281,-2.400726,-1.891666
DJI_0112.jpg,2507613.177787,1139151.657958,346.347336,119.199997,0.000000,-0.000000,114.005208,4.018098,-1.409742,113.925656,4.873608,4.156635,-1.680305,-1.910765,2507617.195850,1139150.248229,460.272990,123.356632,-1.680305,-1.910765
DJI_0113.jpg,2507619.064891,1139147.654831,346.347304,119.199997,0.000000,-0.000000,113.880497,2.877991,-0.481355,113.843108,4.817714,4.190285,-1.233297,-2.032452,2507621.942857,1139147.173480,460.190411,123.390282,-1.233297,-2.032452
DJI_0114.jpg,2507623.818945,1139144.447329,346.347278,119.199997,0.000000,-0.000000,113.841228,2.940099,-0.611386,113.801613,4.773189,4.225182,-1.084545,-1.937766,2507626.759018,1139143.835948,460.148891,123.425179,-1.084545,-1.937766
DJI_0115.jpg,2507630.534828,1139139.869440,346.247241,119.199997,0.099998,-0.000000,113.912568,1.238299,0.426246,113.905039,4.789437,4.303894,-0.911493,-1.893247,2507631.773116,1139140.295682,460.152281,123.503891,-0.811495,-1.893247
DJI_0116.jpg,2507635.687707,1139136.334649,346.347213,119.199997,0.000000,-0.000000,113.878913,0.580153,0.944828,113.873516,4.793288,4.324066,-0.634269,-1.968696,2507636.267856,1139137.279469,460.220729,123.524063,-0.634269,-1.968696
DJI_0117.jpg,2507639.412925,1139133.751327,346.247191,119.199997,0.000000,-0.000000,114.009836,2.187029,-0.047332,113.988848,4.922204,4.388249,-0.607551,-2.145284,2507641.599935,1139133.703995,460.236039,123.588246,-0.607551,-2.145284
DJI_0118.jpg,2507645.880169,1139129.399619,346.347157,119.199997,0.000000,-0.000000,113.922800,0.624484,0.969146,113.916966,4.964648,4.441574,-0.568720,-2.143993,2507646.504647,1139130.368757,460.264122,123.641571,-0.568720,-2.143993
DJI_0119.jpg,2507650.870807,1139126.012483,346.247130,119.199997,0.099998,-0.000000,114.029755,0.504839,1.074069,114.023579,5.022582,4.468692,-0.488761,-2.240142,2507651.375641,1139127.086542,460.270709,123.668689,-0.388763,-2.240142
DJI_0120.jpg,2507655.285805,1139122.986236,346.247105,119.199997,0.099998,-0.000000,114.047012,1.128896,0.689339,114.039341,5.130638,4.511136,-0.663649,-2.352163,2507656.414691,1139123.675568,460.286446,123.711133,-0.563651,-2.352163
DJI_0121.jpg,2507659.521267,1139120.095539,346.247082,119.199997,0.000000,-0.000000,114.104455,1.808899,0.335261,114.089624,5.293332,4.667746,-0.267429,-2.481934,2507661.330150,1139120.430797,460.336705,123.867743,-0.267429,-2.481934
DJI_0122.jpg,2507664.734041,1139116.562945,346.347054,119.199997,0.000000,-0.000000,114.053249,1.639612,0.313249,114.041033,5.251711,4.657243,-0.554839,-2.362774,2507666.373638,1139116.876191,460.388086,123.857240,-0.554839,-2.362774
DJI_0123.jpg,2507668.688477,1139113.877303,346.247032,119.199997,0.000000,-0.000000,114.199631,2.615290,-0.464059,114.168738,5.128268,4.560135,-0.560475,-2.278194,2507671.303744,1139113.413248,460.415769,123.760132,-0.560475,-2.278194
DJI_0124.jpg,2507675.408793,1139109.305571,346.246995,119.199997,0.099998,-0.000000,114.232207,0.945143,0.604274,114.226698,5.071620,4.501574,-0.867845,-2.168873,2507676.353928,1139109.909840,460.473694,123.701571,-0.767847,-2.168873
DJI_0125.jpg,2507680.333478,1139105.934910,346.246968,119.199997,0.000000,-0.000000,114.306210,1.002033,0.491171,114.300763,5.039593,4.494734,-0.806017,-2.131947,2507681.335503,1139106.426076,460.547731,123.694731,-0.806017,-2.131947
DJI_0126.jpg,2507685.567261,1139102.377307,346.246940,119.199997,0.000000,-0.000000,114.397666,0.753122,0.629316,114.393456,5.084699,4.548465,-0.833396,-2.114494,2507686.320376,1139103.006617,460.640395,123.748462,-0.833396,-2.114494
DJI_0127.jpg,2507689.795634,1139099.440417,346.246915,119.199997,0.099998,-0.000000,114.492810,1.398158,-0.002679,114.484273,4.878873,4.397720,-0.809155,-1.951595,2507691.193779,1139099.437738,460.731188,123.597717,-0.709157,-1.951595
DJI_0128.jpg,2507693.749665,1139096.727002,346.246893,119.199997,0.000000,-0.000000,114.584267,2.901032,-1.093012,114.542322,4.663376,4.035547,-1.399868,-1.871311,2507696.650672,1139095.633999,460.789214,123.235544,-1.399868,-1.871311
DJI_0129.jpg,2507699.726218,1139092.697878,346.246861,119.199997,0.000000,-0.000000,114.510659,1.971561,-0.568503,114.492273,4.360921,3.762311,-1.405833,-1.698907,2507701.697762,1139092.129379,460.739134,122.962308,-1.405833,-1.698907
DJI_0130.jpg,2507701.684413,1139091.367709,346.346851,119.199997,0.000000,-0.000000,114.462217,2.905331,-1.281031,114.418168,4.068584,3.589328,-1.341374,-1.367780,2507704.589719,1139090.086690,460.765018,122.789325,-1.341374,-1.367780
DJI_0131.jpg,2507701.263427,1139091.642839,346.346853,119.199997,0.099998,-0.000000,114.370350,2.954142,-1.253147,114.325324,4.222983,3.624797,-1.533696,-1.530426,2507704.217543,1139090.389703,460.672176,122.824794,-1.433698,-1.530426
DJI_0897.jpg,2507746.269967,1139151.598049,346.348594,119.699997,0.099998,-0.000000,114.273809,3.312041,-0.716951,114.223552,5.323891,4.493176,-1.948404,-2.087799,2507749.581980,1139150.881105,460.572145,124.193173,-1.848406,-2.087799
DJI_0898.jpg,2507741.156671,1139155.209345,346.248625,119.699997,0.099998,-0.000000,114.508953,5.061813,-1.892647,114.381363,5.390183,4.623000,-1.975268,-1.944290,2507746.218440,1139153.316715,460.629986,124.322997,-1.875270,-1.944290
DJI_0899.jpg,2507737.056443,1139158.002174,346.348648,119.699997,0.099998,-0.000000,114.414977,4.050763,-1.175947,114.337200,5.412365,4.771458,-1.382838,-2.148173,2507741.107171,1139156.826237,460.685847,124.471455,-1.282840,-2.148173
DJI_0900.jpg,2507731.703472,1139161.728324,346.348679,119.699997,0.099998,-0.000000,114.513795,4.396673,-1.503888,114.419478,5.416152,4.903303,-1.097470,-2.021852,2507736.100107,1139160.224450,460.768155,124.603300,-0.997472,-2.021852
DJI_0901.jpg,2507726.514812,1139165.300637,346.348708,119.699997,0.099998,-0.000000,114.597043,4.616021,-1.694206,114.491503,5.514260,5.041054,-1.050659,-1.972549,2507731.130792,1139163.606446,460.840209,124.741051,-0.950661,-1.972549
DJI_0902.jpg,2507721.632203,1139168.766354,346.348738,119.699997,0.099998,-0.000000,114.647007,4.640099,-1.783943,114.539178,5.633982,5.173705,-1.017379,-1.984809,2507726.272262,1139166.982426,460.887914,124.873702,-0.917381,-1.984809
DJI_0903.jpg,2507717.223616,1139171.792455,346.348762,119.699997,0.099998,-0.000000,114.634710,4.068211,-1.438646,114.553467,5.705594,5.310632,-0.924504,-1.869834,2507721.291791,1139170.353821,460.902228,125.010629,-0.824506,-1.869834
DJI_0904.jpg,2507711.822389,1139175.574951,346.348794,119.699997,0.099998,-0.000000,114.721021,4.619727,-1.810730,114.613665,5.808373,5.391469,-0.960332,-1.935724,2507716.442076,1139173.764238,460.962457,125.091466,-0.860334,-1.935724
DJI_0905.jpg,2507707.565770,1139178.478288,346.348818,119.699997,0.099998,-0.000000,114.712518,3.980581,-1.397257,114.634918,5.915201,5.468013,-1.200323,-1.910409,2507711.546316,1139177.081044,460.983734,125.168010,-1.100325,-1.910409
DJI_0906.jpg,2507703.607846,1139181.213373,346.348840,119.699997,0.099998,-0.000000,114.719210,2.912291,-0.688275,114.680173,5.931147,5.520756,-1.113551,-1.860044,2507706.520112,1139180.525104,461.029012,125.220753,-1.013553,-1.860044
DJI_0907.jpg,2507697.951047,1139185.188183,346.348874,119.699997,0.099998,-0.000000,114.741983,3.203764,-0.888298,114.693808,5.883400,5.525931,-0.773947,-1.865338,2507701.154783,1139184.299893,461.042681,125.225928,-0.673949,-1.865338
DJI_0908.jpg,2507693.046353,1139188.604849,346.348903,119.699997,0.099998,-0.000000,114.726158,3.228597,-0.900399,114.677185,5.928958,5.571525,-0.759259,-1.879940,2507696.274922,1139187.704458,461.026087,125.271522,-0.659261,-1.879940
DJI_0909.jpg,2507688.602142,1139191.674753,346.348928,119.699997,0.099998,-0.000000,114.711426,2.778082,-0.550451,114.676460,5.989990,5.608943,-0.831853,-1.930742,2507691.380199,1139191.124307,461.025387,125.308940,-0.731855,-1.930742
DJI_0910.jpg,2507683.857156,1139194.916036,346.348954,119.699997,0.099998,-0.000000,114.711607,2.406225,-0.266768,114.686057,5.954871,5.612225,-0.592851,-1.900512,2507686.263360,1139194.649270,461.035011,125.312222,-0.492853,-1.900512
DJI_0911.jpg,2507677.464479,1139199.390090,346.348992,119.699997,0.099998,-0.000000,114.676498,3.687274,-1.215069,114.610762,5.922159,5.627592,-0.267061,-1.825064,2507681.151720,1139198.175032,460.959753,125.327589,-0.167063,-1.825064
DJI_0912.jpg,2507672.090551,1139203.138234,346.349023,119.699997,0.099998,-0.000000,114.638588,4.184445,-1.637807,114.550486,5.897401,5.643368,-0.311308,-1.683692,2507676.274960,1139201.500441,460.899507,125.343365,-0.211310,-1.683692
DJI_0913.jpg,2507667.152181,1139206.586320,346.349052,119.699997,0.099998,-0.000000,114.548497,4.229221,-1.628534,114.458813,5.903388,5.633652,-0.337539,-1.731479,2507671.381364,1139204.957800,460.807863,125.333649,-0.237541,-1.731479
DJI_0914.jpg,2507663.403170,1139209.148375,346.349073,119.699997,0.099998,-0.000000,114.430435,3.047116,-0.809623,114.386992,5.923012,5.653313,-0.434982,-1.712574,2507666.450259,1139208.338758,460.736064,125.353310,-0.334984,-1.712574
DJI_0915.jpg,2507658.759274,1139212.431367,346.249101,119.699997,0.099998,-0.000000,114.461391,2.865511,-0.740923,114.423118,5.955358,5.692352,-0.579554,-1.651525,2507661.624759,1139211.690450,460.672218,125.392349,-0.479556,-1.651525
DJI_0916.jpg,2507653.102296,1139216.390779,346.349134,119.699997,0.099998,-0.000000,114.431852,3.818217,-1.391580,114.359667,6.016120,5.712178,-1.020952,-1.588201,2507656.920479,1139214.999211,460.708800,125.412175,-0.920954,-1.588201
DJI_0917.jpg,2507648.567408,1139219.536223,346.249160,119.699997,0.000000,-0.000000,114.458011,3.485951,-1.206772,114.398549,6.102989,5.772708,-1.253643,-1.533200,2507652.053328,1139218.329462,460.647709,125.472705,-1.253643,-1.533200
DJI_0918.jpg,2507648.367695,1139218.634416,346.349139,119.500000,0.000000,-0.000000,114.381157,3.757512,-0.451710,114.318530,6.112950,5.839134,-1.097807,-1.437876,2507652.125175,1139218.182710,460.667667,125.339134,-1.097807,-1.437876
DJI_0919.jpg,2507643.641810,1139213.920028,346.348991,119.500000,0.099998,-0.000000,114.376677,4.244739,0.267620,114.297571,5.908096,5.432280,-1.451988,-1.813190,2507647.886511,1139214.187646,460.646560,124.932280,-1.351990,-1.813190
DJI_0920.jpg,2507641.461472,1139211.766950,346.348923,119.500000,0.000000,-0.000000,114.322042,3.211992,-0.964094,114.272844,5.703203,5.117540,-1.389603,-2.099122,2507644.673435,1139210.802865,460.621766,124.617540,-1.389603,-2.099122
DJI_0921.jpg,2507642.965562,1139211.620363,346.248934,119.400002,0.000000,-0.000000,114.247236,3.208713,-0.832682,114.199132,5.601301,4.908208,-1.778654,-2.029890,2507646.174247,1139210.787688,460.448065,124.308210,-1.778654,-2.029890
DJI_0922.jpg,2507649.662446,1139206.922340,346.248894,119.400002,0.000000,-0.000000,114.277237,1.844613,-0.006629,114.262348,5.204712,4.761242,-1.073336,-1.807637,2507651.507043,1139206.915711,460.511242,124.161244,-1.073336,-1.807637
DJI_0923.jpg,2507654.278282,1139203.760217,346.248868,119.400002,0.000000,-0.000000,114.363485,1.842038,0.087080,114.348616,5.110723,4.725030,-0.509513,-1.879889,2507656.120304,1139203.847296,460.597484,124.125032,-0.509513,-1.879889
DJI_0924.jpg,2507659.742579,1139200.053908,346.248839,119.400002,0.000000,-0.000000,114.454754,1.254194,0.565907,114.446483,5.014788,4.640845,-0.341894,-1.869162,2507660.996762,1139200.619810,460.695321,124.040847,-0.341894,-1.869162
DJI_0925.jpg,2507664.687068,1139196.726164,346.248812,119.400002,0.000000,-0.000000,114.574421,1.212411,0.582092,114.566527,4.987166,4.611097,-0.198724,-1.889475,2507665.899469,1139197.308251,460.815339,124.011099,-0.198724,-1.889475
DJI_0926.jpg,2507669.637498,1139193.367451,346.248786,119.400002,0.000000,-0.000000,114.692518,1.245144,0.568914,114.684348,4.975706,4.594330,-0.203301,-1.899593,2507670.882632,1139193.936360,460.933133,123.994332,-0.203301,-1.899593
DJI_0927.jpg,2507674.688995,1139190.050429,346.248761,119.400002,0.099998,-0.000000,114.823208,1.228706,0.491614,114.815581,5.010899,4.646660,-0.408433,-1.830530,2507675.917691,1139190.542039,461.064342,124.046662,-0.308435,-1.830530
DJI_0928.jpg,2507679.614228,1139186.719905,346.248734,119.400002,0.000000,-0.000000,114.986865,2.296750,-0.168028,114.963802,5.052159,4.649296,-0.456567,-1.923513,2507681.910958,1139186.551879,461.212535,124.049298,-0.456567,-1.923513
DJI_0929.jpg,2507682.065909,1139184.968340,346.248719,119.400002,0.000000,-0.000000,115.109223,4.187970,-1.532223,115.022808,5.018120,4.597890,-0.640256,-1.905520,2507686.253843,1139183.436131,461.271525,123.997892,-0.640256,-1.905520
DJI_0930.jpg,2507689.560419,1139179.890635,346.248678,119.400002,0.000000,-0.000000,115.052367,1.793546,0.194399,115.038223,5.103705,4.646221,-0.711905,-1.988374,2507691.353949,1139180.085032,461.286901,124.046223,-0.711905,-1.988374
DJI_0931.jpg,2507694.786732,1139176.407273,346.248651,119.400002,0.000000,-0.000000,115.090185,1.472815,0.373529,115.080155,5.083488,4.649597,-0.602723,-1.964644,2507696.259534,1139176.780798,461.328806,124.049599,-0.602723,-1.964644
DJI_0932.jpg,2507699.781913,1139173.038635,346.248625,119.400002,0.000000,-0.000000,115.107080,1.553672,0.333496,115.096111,5.105243,4.654830,-0.704376,-1.974822,2507701.335571,1139173.372127,461.344735,124.054832,-0.704376,-1.974822
DJI_0933.jpg,2507703.058564,1139170.882228,346.248608,119.400002,0.000000,-0.000000,115.126481,3.368561,-0.829558,115.074199,5.089627,4.610796,-0.760526,-2.016548,2507706.427096,1139170.052678,461.322807,124.010798,-0.760526,-2.016548
DJI_0934.jpg,2507709.056929,1139166.886749,346.248577,119.400002,0.000000,-0.000000,115.114726,2.352027,-0.044589,115.090686,5.147431,4.635968,-0.663517,-2.136258,2507711.408935,1139166.842161,461.339264,124.035970,-0.663517,-2.136258
DJI_0935.jpg,2507713.305770,1139164.032945,346.248555,119.400002,0.000000,-0.000000,115.183279,3.153665,-0.499615,115.139014,5.133084,4.596451,-0.641698,-2.193037,2507716.459408,1139163.533335,461.387568,123.996453,-0.641698,-2.193037
DJI_0936.jpg,2507719.221034,1139159.912128,346.348521,119.400002,0.000000,-0.000000,115.030492,2.071462,0.294145,115.011463,5.114558,4.527852,-0.570189,-2.309143,2507721.292478,1139160.206271,461.359983,123.927854,-0.570189,-2.309143
DJI_0937.jpg,2507724.741046,1139156.211202,346.348492,119.400002,0.099998,-0.000000,114.987729,1.502079,0.750391,114.975469,5.075553,4.466696,-0.604096,-2.333437,2507726.243112,1139156.961586,461.323961,123.866698,-0.504098,-2.333437
DJI_0938.jpg,2507729.713802,1139152.910875,346.348466,119.400002,0.000000,-0.000000,114.969595,1.796459,0.708878,114.953373,5.171603,4.429929,-0.962624,-2.488889,2507731.510245,1139153.619747,461.301839,123.829931,-0.962624,-2.488889
DJI_0939.jpg,2507734.896116,1139149.341752,346.248437,119.400002,0.000000,-0.000000,114.978295,1.668612,0.856846,114.962994,5.104888,4.315839,-1.169202,-2.463002,2507736.564713,1139150.198591,461.211430,123.715841,-1.169202,-2.463002
DJI_0940.jpg,2507738.123377,1139147.167592,346.248420,119.400002,0.000000,-0.000000,114.922601,3.429900,-0.302214,114.871009,5.041715,4.190113,-1.313917,-2.476988,2507741.553247,1139146.865381,461.119428,123.590115,-1.313917,-2.476988
DJI_0941.jpg,2507742.158902,1139144.474576,346.348399,119.400002,0.099998,-0.000000,114.989983,3.440061,-0.294882,114.938136,4.879363,4.127814,-1.202525,-2.307220,2507745.598934,1139144.179696,461.286534,123.527816,-1.102527,-2.307220
DJI_0942.jpg,2507740.981519,1139144.050979,346.448379,119.400002,0.099998,-0.000000,114.753717,3.458623,-0.269752,114.701267,4.838750,4.120809,-1.657153,-1.919970,2507744.440111,1139143.781230,461.149645,123.520811,-1.557155,-1.919970
DJI_0943.jpg,2507736.945551,1139138.343882,346.348215,119.400002,0.000000,-0.000000,114.803935,3.635568,-0.180077,114.746215,4.881563,4.063321,-1.696194,-2.107606,2507740.581088,1139138.163807,461.094429,123.463323,-1.696194,-2.107606
DJI_0944.jpg,2507736.115357,1139137.291139,346.348184,119.400002,0.000000,-0.000000,114.741097,3.419775,-0.472377,114.689151,4.726927,4.050081,-1.407804,-1.989667,2507739.535102,1139136.818766,461.037334,123.450083,-1.407804,-1.989667
DJI_0945.jpg,2507731.146279,1139140.693316,346.448212,119.300003,0.099998,-0.000000,114.754622,4.825548,-1.454429,114.643892,4.850280,4.239722,-1.504819,-1.812591,2507735.971785,1139139.238900,461.092102,123.539725,-1.404821,-1.812591
DJI_0946.jpg,2507726.520676,1139143.781412,346.348236,119.300003,0.099998,-0.000000,114.809768,4.228095,-1.153082,114.726093,4.841049,4.363880,-0.963483,-1.861185,2507730.748735,1139142.628340,461.074327,123.663883,-0.863485,-1.861185
DJI_0947.jpg,2507721.146525,1139147.520247,346.448267,119.300003,0.099998,-0.000000,114.731215,4.688379,-1.565851,114.624687,4.886824,4.471135,-0.932431,-1.737979,2507725.834863,1139145.954411,461.072952,123.771138,-0.832433,-1.737979
DJI_0948.jpg,2507716.422613,1139150.745742,346.348293,119.300003,0.099998,-0.000000,114.743226,4.422551,-1.445562,114.648852,4.994165,4.598468,-0.965268,-1.692347,2507720.845126,1139149.300193,460.997143,123.898471,-0.865270,-1.692347
DJI_0949.jpg,2507712.705115,1139153.276400,346.348313,119.300003,0.099998,-0.000000,114.628152,2.947204,-0.553034,114.588924,5.016107,4.716120,-0.730858,-1.544469,2507715.652294,1139152.723370,460.937236,124.016123,-0.630860,-1.544469
DJI_0950.jpg,2507706.212114,1139157.761224,346.348350,119.300003,0.099998,-0.000000,114.630488,4.298711,-1.596377,114.538733,5.039555,4.794514,-0.573668,-1.442451,2507710.510787,1139156.164861,460.887082,124.094517,-0.473670,-1.442451
DJI_0951.jpg,2507702.726954,1139160.115385,346.348369,119.300003,0.099998,-0.000000,114.472090,2.825911,-0.580655,114.435731,5.096524,4.856174,-0.504008,-1.462225,2507705.552840,1139159.534735,460.784100,124.156177,-0.404010,-1.462225
DJI_0952.jpg,2507696.305414,1139164.521918,346.348405,119.300003,0.099998,-0.000000,114.448920,4.414453,-1.812373,114.349391,5.115886,4.882072,-0.792783,-1.307350,2507700.719829,1139162.709561,460.697794,124.182075,-0.692785,-1.307350
DJI_0953.jpg,2507691.566622,1139167.750747,346.348431,119.300003,0.099998,-0.000000,114.418766,4.144225,-1.715457,114.330821,5.163684,4.943576,-0.787176,-1.266902,2507695.710811,1139166.035305,460.679250,124.243579,-0.687178,-1.266902
DJI_0954.jpg,2507688.143469,1139170.107054,346.348450,119.300003,0.099998,-0.000000,114.290446,2.477492,-0.625136,114.261880,5.169340,4.997715,-0.473199,-1.233289,2507690.620940,1139169.481923,460.610330,124.297718,-0.373201,-1.233289
DJI_0955.jpg,2507683.470765,1139173.325612,346.348477,119.300003,0.099998,-0.000000,114.260963,2.334741,-0.442564,114.236250,5.242174,5.028120,-0.636618,-1.339071,2507685.805486,1139172.883052,460.584726,124.328123,-0.536620,-1.339071
DJI_0956.jpg,2507676.520229,1139178.067630,346.348515,119.300003,0.099998,-0.000000,114.327284,4.223997,-1.762941,114.235624,5.214030,5.034184,-0.443236,-1.283215,2507680.744190,1139176.304705,460.584137,124.334187,-0.343238,-1.283215
DJI_0957.jpg,2507671.809039,1139181.283699,346.348541,119.300003,0.099998,-0.000000,114.263913,3.925109,-1.671310,114.184246,5.207860,5.055644,-0.459236,-1.162488,2507675.734114,1139179.612404,460.532786,124.355647,-0.359238,-1.162488
DJI_0958.jpg,2507667.558946,1139184.193140,346.348565,119.300003,0.099998,-0.000000,114.167636,2.953682,-1.108950,114.124034,5.172978,5.058631,-0.130291,-1.073769,2507670.512603,1139183.084200,460.472598,124.358634,-0.030293,-1.073769
DJI_0959.jpg,2507664.615278,1139186.186961,346.348580,119.300003,0.099998,-0.000000,114.071368,0.931234,0.271915,114.067243,5.156134,5.046448,-0.055266,-1.056418,2507665.546503,1139186.458873,460.415824,124.346451,0.044732,-1.056418
DJI_0960.jpg,2507656.946335,1139191.452668,346.348623,119.300003,0.099998,-0.000000,114.085740,3.724518,-1.584287,114.013921,5.164739,5.032415,-0.183182,-1.147069,2507660.670821,1139189.868396,460.362543,124.332418,-0.083184,-1.147069
DJI_0961.jpg,2507653.977940,1139193.505552,346.248640,119.300003,0.099998,-0.000000,114.048511,1.935104,-0.320974,114.031641,5.258654,5.106566,-0.460718,-1.167973,2507655.913027,1139193.184582,460.280281,124.406569,-0.360720,-1.167973
DJI_0962.jpg,2507647.797342,1139197.735501,346.248675,119.300003,0.099998,-0.000000,114.071903,3.216793,-1.163126,114.020606,5.295244,5.124227,-0.544067,-1.218976,2507651.014107,1139196.572385,460.269279,124.424230,-0.444069,-1.218976
DJI_0963.jpg,2507642.553599,1139201.333436,346.348704,119.300003,0.099998,-0.000000,114.074149,3.567165,-1.299100,114.010961,5.415306,5.103267,-1.142496,-1.406027,2507646.120733,1139200.034348,460.359664,124.403270,-1.042498,-1.406027
DJI_0964.jpg,2507636.902801,1139205.138359,346.248734,119.300003,0.000000,-0.000000,114.268685,4.396995,-1.621514,114.172542,5.521763,5.144950,-1.090198,-1.682507,2507641.299757,1139203.516859,460.421275,124.444953,-1.090198,-1.682507
DJI_0965.jpg,2507636.782081,1139205.208150,346.348734,119.300003,0.000000,-0.000000,114.107375,3.332158,-0.941896,114.054823,5.619428,5.168803,-1.317599,-1.767872,2507640.114209,1139204.266263,460.403556,124.468806,-1.317599,-1.767872
DJI_0966.jpg,2507634.409875,1139201.689908,346.348635,119.300003,0.000000,-0.000000,114.064671,3.404125,-0.968516,114.009750,5.620969,5.020693,-1.632981,-1.929069,2507637.813970,1139200.721401,460.358384,124.320696,-1.632981,-1.929069
DJI_0967.jpg,2507630.967366,1139196.928058,346.348498,119.300003,0.099998,-0.000000,114.034363,3.400811,-0.887678,113.980184,5.469689,4.914553,-1.692281,-1.703189,2507634.368147,1139196.040388,460.328681,124.214556,-1.592283,-1.703189
DJI_0968.jpg,2507630.345546,1139196.088317,346.248473,119.300003,0.099998,-0.000000,114.072227,3.467967,-0.757833,114.016981,5.411377,4.839987,-1.700566,-1.722092,2507633.813482,1139195.330491,460.265453,124.139990,-1.600568,-1.722092
DJI_0969.jpg,2507636.028421,1139192.702905,346.248453,119.300003,0.099998,-0.000000,113.988655,2.380898,-0.549555,113.962462,5.294046,4.647662,-1.750209,-1.833828,2507638.409298,1139192.153354,460.210914,123.947665,-1.650211,-1.833828
DJI_0970.jpg,2507640.210408,1139190.090959,346.248435,119.300003,0.000000,-0.000000,113.975874,2.977601,-1.050614,113.932129,5.154985,4.667126,-1.497192,-1.596942,2507643.187984,1139189.040355,460.180563,123.967129,-1.497192,-1.596942
DJI_0971.jpg,2507646.258880,1139186.301564,346.248409,119.300003,0.099998,-0.000000,113.971900,1.558419,-0.217769,113.961037,4.979179,4.674873,-0.857797,-1.483903,2507647.817286,1139186.083797,460.209446,123.974876,-0.757799,-1.483903
DJI_0972.jpg,2507651.567899,1139182.918809,346.248385,119.300003,0.000000,-0.000000,114.044385,1.074385,0.011338,114.039324,4.933710,4.703398,-0.468045,-1.414383,2507652.642274,1139182.930147,460.287709,124.003401,-0.468045,-1.414383
DJI_0973.jpg,2507656.912428,1139179.621989,346.148363,119.300003,0.000000,-0.000000,114.274391,0.778255,0.159927,114.271629,4.896927,4.689164,-0.337274,-1.370356,2507657.690676,1139179.781915,460.419992,123.989167,-0.337274,-1.370356
DJI_0974.jpg,2507661.420995,1139176.708578,346.148342,119.300003,0.000000,-0.000000,114.420339,1.165339,-0.180768,114.414261,4.746856,4.573827,-0.247336,-1.245622,2507662.586323,1139176.527811,460.562603,123.873830,-0.247336,-1.245622
DJI_0975.jpg,2507665.776844,1139174.007514,346.148324,119.300003,0.000000,-0.000000,114.587377,1.912324,-0.697648,114.569295,4.772493,4.611358,-0.272339,-1.199126,2507667.689151,1139173.309872,460.717619,123.911361,-0.272339,-1.199126
DJI_0976.jpg,2507670.872923,1139170.810247,346.248302,119.300003,0.000000,-0.000000,114.652653,2.076677,-0.752453,114.631375,4.810781,4.612641,-0.533074,-1.258172,2507672.949582,1139170.057800,460.879677,123.912644,-0.533074,-1.258172
DJI_0977.jpg,2507674.458457,1139168.593501,346.248287,119.300003,0.000000,-0.000000,114.826518,3.748851,-1.730811,114.752253,4.803009,4.552652,-0.725698,-1.347449,2507678.207276,1139166.862706,461.000540,123.852655,-0.725698,-1.347449
DJI_0978.jpg,2507681.822700,1139163.937787,346.348255,119.300003,0.000000,-0.000000,114.681079,1.479379,-0.209295,114.671345,4.760106,4.470609,-0.669999,-1.491093,2507683.302066,1139163.728494,461.019600,123.770612,-0.669999,-1.491093
DJI_0979.jpg,2507686.351274,1139161.073503,346.248235,119.300003,0.000000,-0.000000,114.756557,2.071268,-0.474453,114.736882,4.807897,4.502097,-0.602571,-1.576041,2507688.422524,1139160.599054,460.985116,123.802100,-0.602571,-1.576041
DJI_0980.jpg,2507690.751910,1139158.365595,346.248217,119.300003,0.000000,-0.000000,114.758914,2.947495,-0.868472,114.717768,4.825110,4.492431,-0.579202,-1.662612,2507693.699380,1139157.497131,460.965985,123.792434,-0.579202,-1.662612
DJI_0981.jpg,2507696.065487,1139154.998252,346.248194,119.300003,0.000000,-0.000000,114.799002,2.682618,-0.538071,114.766392,4.849566,4.471308,-0.412100,-1.831903,2507698.748082,1139154.460185,461.014585,123.771311,-0.412100,-1.831903
DJI_0982.jpg,2507701.938809,1139151.347481,346.248169,119.300003,0.000000,-0.000000,114.852304,1.942452,-0.105814,114.835829,4.778376,4.397072,-0.497379,-1.803123,2507703.881244,1139151.241668,461.083997,123.697075,-0.497379,-1.803123
DJI_0983.jpg,2507706.542497,1139148.503677,346.248150,119.300003,0.000000,-0.000000,114.873945,2.519322,-0.333319,114.845832,4.822327,4.383895,-0.573198,-1.925550,2507709.061797,1139148.170361,461.093982,123.683898,-0.573198,-1.925550
DJI_0984.jpg,2507711.858463,1139145.151751,346.348127,119.300003,0.099998,-0.000000,114.753324,2.318283,-0.105626,114.729856,4.835483,4.330431,-0.675716,-2.042712,2507714.176726,1139145.046126,461.077982,123.630434,-0.575718,-2.042712
DJI_0985.jpg,2507717.699147,1139141.461350,346.248101,119.300003,0.000000,-0.000000,114.788296,1.748409,0.323341,114.774524,4.797163,4.241540,-0.815707,-2.087279,2507719.447541,1139141.784688,461.022626,123.541543,-0.815707,-2.087279
DJI_0986.jpg,2507723.052293,1139138.164456,346.248080,119.300003,0.000000,-0.000000,114.694934,1.710739,0.430647,114.681367,4.793857,4.125044,-1.066579,-2.197153,2507724.763017,1139138.595099,460.929446,123.425047,-1.066579,-2.197153
DJI_0987.jpg,2507728.111740,1139134.943095,346.248057,119.300003,0.000000,-0.000000,114.683356,1.839938,0.456596,114.667687,4.733906,4.029520,-1.138736,-2.208193,2507729.951663,1139135.399687,460.915743,123.329523,-1.138736,-2.208193
DJI_0988.jpg,2507732.970194,1139131.851433,346.348035,119.300003,0.099998,-0.000000,114.550422,2.317155,0.158103,114.526874,4.712035,3.893300,-1.557337,-2.149463,2507735.287329,1139132.009535,460.874909,123.193303,-1.457339,-2.149463
DJI_0989.jpg,2507732.213129,1139131.946411,346.348030,119.300003,0.099998,-0.000000,114.544712,3.960820,-0.466891,114.475259,4.683020,3.911838,-1.666812,-1.962126,2507736.173915,1139131.479524,460.823287,123.211841,-1.566814,-1.962126
DJI_0990.jpg,2507728.308437,1139126.441135,346.247872,119.300003,0.099998,-0.000000,114.640348,5.099330,1.160597,114.520999,4.699982,3.844248,-1.668911,-2.127518,2507733.407723,1139127.601722,460.768869,123.144251,-1.568913,-2.127518
DJI_0991.jpg,2507727.544642,1139125.538703,346.247845,119.300003,0.000000,-0.000000,114.526381,3.692728,-0.828126,114.463837,4.560843,3.858847,-1.478336,-1.930055,2507731.237338,1139124.710584,460.711681,123.158850,-1.478336,-1.930055
DJI_0992.jpg,2507723.570277,1139128.598295,346.247875,119.199997,0.000000,-0.000000,114.780922,5.707952,-2.127683,114.619162,4.386631,3.941515,-0.964638,-1.666274,2507729.278180,1139126.470631,460.867034,123.141512,-0.964638,-1.666274
DJI_0993.jpg,2507718.924653,1139131.356254,346.347891,119.199997,0.099998,-0.000000,114.595391,4.721901,-1.568646,114.487321,4.566071,4.074143,-1.068939,-1.762875,2507723.646513,1139129.787621,460.835211,123.274140,-0.968941,-1.762875
DJI_0994.jpg,2507713.344872,1139134.783243,346.347914,119.199997,0.099998,-0.000000,114.607531,5.164137,-1.951118,114.474499,4.636842,4.213100,-1.100052,-1.593731,2507718.508964,1139132.832142,460.822410,123.413097,-1.000054,-1.593731
DJI_0995.jpg,2507708.260137,1139137.887649,346.347934,119.199997,0.099998,-0.000000,114.588650,4.984075,-1.803200,114.466004,4.677842,4.310212,-0.830281,-1.617068,2507713.244169,1139136.084465,460.813936,123.510209,-0.730283,-1.617068
DJI_0996.jpg,2507704.685205,1139140.101123,346.347948,119.199997,0.099998,-0.000000,114.466825,2.895049,-0.632493,114.428461,4.727390,4.444787,-0.628745,-1.482148,2507707.580230,1139139.468636,460.776409,123.644784,-0.528747,-1.482148
DJI_0997.jpg,2507699.056214,1139143.522703,346.347970,119.199997,0.099998,-0.000000,114.449953,3.238635,-0.896928,114.400606,4.730509,4.492891,-0.418124,-1.420145,2507702.294821,1139142.625783,460.748575,123.692888,-0.318126,-1.420145
DJI_0998.jpg,2507694.695914,1139146.214546,346.347988,119.199997,0.099998,-0.000000,114.397276,2.875451,-0.725981,114.358828,4.790807,4.532207,-0.648268,-1.410913,2507697.571340,1139145.488571,460.706815,123.732204,-0.548270,-1.410913
DJI_0999.jpg,2507688.533918,1139149.990190,346.348012,119.199997,0.099998,-0.000000,114.330048,3.483876,-1.206912,114.270582,4.813607,4.586499,-0.617081,-1.324405,2507692.017763,1139148.783289,460.618593,123.786496,-0.517083,-1.324405
#Total error,,,,,,,114.469544,3.145967,0.978051,114.422125,,,,,,,,,,
