# CoordinateSystem: PROJCS["CH1903+ / LV95",GEOGCS["CH1903+",DATUM["CH1903+",SPHEROID["Bessel 1841",6377397.155,299.1528128,AUTHORITY["EPSG","7004"]],TOWGS84[674.374,15.056,405.346,0,0,0,0],AUTHORITY["EPSG","6150"]],PRIMEM["Greenwich",0,AUTHORITY["EPSG","8901"]],UNIT["degree",0.01745329251994328,AUTHORITY["EPSG","9102"]],AUTHORITY["EPSG","4150"]],PROJECTION["Oblique_Mercator",AUTHORITY["EPSG","9815"]],PARAMETER["latitude_of_center",46.95240555555561],PARAMETER["longitude_of_center",7.439583333333329],PARAMETER["azimuth",90],PARAMETER["recitified_grid_angle",90],PARAMETER["scale_factor",1],PARAMETER["false_easting",2600000],PARAMETER["false_northing",1200000],UNIT["metre",1,AUTHORITY["EPSG","9001"]],AUTHORITY["EPSG","2056"]]
#Label,X/Easting,Y/Northing,Z/Altitude,Yaw,Pitch,Roll,Error_(m),X_error,Y_error,Z_error,Error_(deg),Yaw_error,Pitch_error,Roll_error,X_est,Y_est,Z_est,Yaw_est,Pitch_est,Roll_est
DJI_0169.jpg,2507744.753888,1139153.975151,460.558926,124.520689,-0.563381,-1.085960,0.688255,0.445307,0.451308,-0.267803,0.677905,0.016319,-0.052091,-0.675703,2507745.199183,1139154.426447,460.291123,124.537008,-0.615472,-1.761663
DJI_0170.jpg,2507739.261105,1139157.856663,460.578501,124.309735,-0.794561,-1.065489,0.662349,0.496564,0.380607,-0.217413,0.652937,0.080565,-0.188144,-0.620030,2507739.757656,1139158.237260,460.361088,124.390300,-0.982705,-1.685519
DJI_0171.jpg,2507734.111986,1139161.426627,460.654595,124.261064,-0.804711,-1.122113,0.604149,0.404686,0.407845,-0.186781,0.576999,0.057775,-0.093926,-0.566363,2507734.516662,1139161.834461,460.467814,124.318839,-0.898637,-1.688476
DJI_0172.jpg,2507729.406417,1139164.603459,460.707241,124.308930,-0.688556,-0.983403,0.648825,0.380926,0.490655,-0.187422,0.646580,-0.026963,-0.045088,-0.644443,2507729.787333,1139165.094101,460.519819,124.281967,-0.733644,-1.627846
DJI_0173.jpg,2507724.114442,1139168.257672,460.735343,124.375321,-0.605457,-0.909334,0.655613,0.437829,0.451826,-0.184359,0.687659,-0.081925,-0.190380,-0.655681,2507724.552259,1139168.709486,460.550984,124.293396,-0.795837,-1.565015
DJI_0174.jpg,2507719.110664,1139171.801979,460.741799,124.368959,-0.423268,-0.959362,0.611516,0.416772,0.412222,-0.174144,0.662169,-0.120873,-0.232014,-0.608298,2507719.527424,1139172.214190,460.567655,124.248086,-0.655282,-1.567660
DJI_0175.jpg,2507714.512833,1139174.955136,460.750606,124.362264,-0.449450,-0.836809,0.589518,0.417483,0.385700,-0.156446,0.679220,-0.156221,-0.280245,-0.598663,2507714.930305,1139175.340826,460.594160,124.206043,-0.729695,-1.435472
DJI_0176.jpg,2507709.331549,1139178.520777,460.729860,124.312284,-0.643220,-0.832308,0.628068,0.503557,0.350723,-0.133768,0.814115,-0.186897,-0.434784,-0.662431,2507709.835092,1139178.871490,460.596092,124.125387,-1.078004,-1.494739
DJI_0177.jpg,2507704.695049,1139181.727056,460.701157,124.223581,-1.158300,-0.859906,0.621601,0.508649,0.345125,-0.092481,0.846840,-0.171184,-0.458765,-0.690919,2507705.203684,1139182.072172,460.608676,124.052397,-1.617065,-1.550825
DJI_0178.jpg,2507699.730700,1139185.116767,460.698108,124.171234,-1.153962,-0.773181,0.559129,0.401673,0.385497,-0.051729,0.752689,-0.138572,-0.299781,-0.676365,2507700.132362,1139185.502254,460.646379,124.032662,-1.453743,-1.449546
DJI_0179.jpg,2507694.977636,1139188.653810,460.721697,124.058266,-1.194699,-0.940925,0.489173,0.238107,0.425993,-0.033538,0.621060,-0.098245,-0.068365,-0.609417,2507695.215736,1139189.079792,460.688159,123.960021,-1.263064,-1.550342
DJI_0180.jpg,2507689.862521,1139192.260087,460.813565,123.896212,-0.890558,-1.086359,0.399852,0.185566,0.352811,-0.031166,0.492086,-0.036705,-0.054748,-0.487651,2507690.048082,1139192.612888,460.782399,123.859507,-0.945306,-1.574010
DJI_0181.jpg,2507684.831726,1139195.607777,460.878259,123.887638,-0.907846,-0.982531,0.396198,0.107340,0.380859,-0.019942,0.465244,-0.017030,0.066079,-0.460213,2507684.939063,1139195.988625,460.858317,123.870608,-0.841767,-1.442744
DJI_0182.jpg,2507679.668444,1139199.225766,460.894279,123.872901,-0.562231,-1.042163,0.455145,-0.023581,0.453390,-0.032228,0.523199,-0.028455,0.278964,-0.441709,2507679.644864,1139199.679144,460.862051,123.844446,-0.283267,-1.483872
DJI_0183.jpg,2507674.538339,1139202.684248,460.852939,123.881449,-0.218093,-0.935961,0.453003,-0.059315,0.444371,-0.065020,0.514286,-0.041172,0.309892,-0.408365,2507674.479026,1139203.128607,460.787919,123.840277,0.091799,-1.344326
DJI_0184.jpg,2507669.645623,1139206.023458,460.763955,123.838625,-0.310003,-0.869026,0.414188,-0.024953,0.402485,-0.094523,0.463795,-0.056021,0.232098,-0.397615,2507669.620670,1139206.425932,460.669432,123.782604,-0.077905,-1.266641
DJI_0185.jpg,2507664.812296,1139209.262814,460.689975,123.849255,-0.666159,-0.732914,0.353695,0.017790,0.332979,-0.117935,0.395391,-0.090372,0.131835,-0.361644,2507664.830086,1139209.595784,460.572040,123.758883,-0.534324,-1.094558
DJI_0186.jpg,2507659.957333,1139212.610017,460.702095,123.840096,-0.807982,-0.749310,0.343353,0.060065,0.310882,-0.132801,0.400987,-0.084711,0.078656,-0.383964,2507660.017397,1139212.920890,460.569294,123.755385,-0.729326,-1.133274
DJI_0187.jpg,2507655.426924,1139215.858895,460.827292,123.723831,-1.475280,-0.843891,0.318753,0.134616,0.254244,-0.137265,0.396277,-0.067402,-0.040478,-0.388400,2507655.561536,1139216.113132,460.690027,123.656429,-1.515758,-1.232291
DJI_0188.jpg,2507651.432255,1139218.505909,460.752762,123.721062,-2.115440,-0.755075,0.314294,0.134879,0.251947,-0.130809,0.400658,-0.054044,-0.027547,-0.396040,2507651.567130,1139218.757849,460.621953,123.667018,-2.142987,-1.151115
DJI_0189.jpg,2507651.281832,1139217.670705,460.781915,123.423004,-1.529092,-0.706672,0.311362,0.145610,0.245118,-0.125146,0.400767,-0.060997,-0.047356,-0.393257,2507651.427438,1139217.915816,460.656769,123.362007,-1.576448,-1.099929
DJI_0190.jpg,2507646.570646,1139212.766172,460.527998,123.460517,-1.982408,-0.933142,0.251603,0.106389,0.215941,-0.073178,0.320756,-0.053111,-0.007762,-0.316233,2507646.677032,1139212.982108,460.454820,123.407406,-1.990170,-1.249375
DJI_0191.jpg,2507644.908183,1139211.018616,460.451595,123.439515,-1.924551,-1.128963,0.431092,0.066983,0.424095,-0.038693,0.587724,-0.068820,0.226940,-0.537756,2507644.975164,1139211.442699,460.412902,123.370695,-1.697611,-1.666719
DJI_0192.jpg,2507647.795447,1139209.440452,460.350845,123.435470,-1.988365,-1.454361,0.259902,0.061063,0.246719,-0.054317,0.325119,-0.047051,0.071637,-0.313618,2507647.856508,1139209.687164,460.296528,123.388419,-1.916728,-1.767979
DJI_0193.jpg,2507652.608389,1139205.927200,460.360005,123.607101,-1.608027,-1.163484,0.278420,0.169706,0.206886,-0.076912,0.362287,-0.090629,-0.111573,-0.332551,2507652.778091,1139206.134081,460.283093,123.516472,-1.719600,-1.496035
DJI_0194.jpg,2507656.962992,1139202.934911,460.392585,123.842098,-0.745063,-1.099464,0.381707,0.227686,0.300965,-0.057269,0.510803,-0.104099,-0.117437,-0.486099,2507657.190672,1139203.235868,460.335316,123.737999,-0.862500,-1.585563
DJI_0195.jpg,2507661.951030,1139199.788487,460.471703,123.970425,-0.570586,-1.390470,0.365196,-0.032510,0.356796,-0.070768,0.386069,-0.009293,0.213302,-0.321660,2507661.918521,1139200.145273,460.400935,123.961132,-0.357284,-1.712130
DJI_0196.jpg,2507666.830639,1139196.475992,460.466087,123.984248,-0.345287,-1.378173,0.382415,-0.040481,0.379790,-0.019018,0.418767,0.067563,0.221189,-0.349108,2507666.790159,1139196.855772,460.447069,124.051811,-0.124098,-1.727281
DJI_0197.jpg,2507671.765725,1139193.236893,460.571104,124.090863,-0.196733,-1.503424,0.429181,-0.005983,0.428914,0.013899,0.496845,-0.012243,0.248890,-0.429836,2507671.759743,1139193.665795,460.585003,124.078620,0.052157,-1.933260
DJI_0198.jpg,2507676.852263,1139189.858821,460.675629,124.128579,-0.360474,-1.611579,0.247460,0.009636,0.245792,0.027017,0.249933,-0.063224,0.090056,-0.224408,2507676.861899,1139190.104606,460.702646,124.065355,-0.270418,-1.835987
DJI_0199.jpg,2507682.205774,1139186.435561,460.714193,124.190975,-0.843973,-1.912487,0.217561,0.046911,0.210318,0.029974,0.212908,-0.053870,0.010741,-0.205700,2507682.252684,1139186.645874,460.744167,124.137105,-0.833232,-2.118187
DJI_0200.jpg,2507687.371319,1139182.881099,460.638146,124.151046,-1.182711,-1.832288,0.246349,0.048153,0.234750,0.057114,0.239647,-0.012420,0.019271,-0.238548,2507687.419471,1139183.115842,460.695260,124.138626,-1.163440,-2.070836
DJI_0201.jpg,2507692.453191,1139179.565691,460.551906,124.213568,-1.225240,-1.925695,0.214360,0.139106,0.159795,0.032639,0.266605,-0.049441,-0.151668,-0.213613,2507692.592293,1139179.725482,460.584545,124.164127,-1.376908,-2.139308
DJI_0202.jpg,2507697.161698,1139176.260133,460.519805,124.303152,-0.898429,-1.760721,0.197643,0.169474,0.101564,-0.005099,0.297398,-0.073813,-0.242978,-0.154787,2507697.331167,1139176.361695,460.514706,124.229339,-1.141407,-1.915508
DJI_0203.jpg,2507701.976365,1139173.025543,460.532445,124.362639,-0.609516,-1.815322,0.489474,0.231748,0.428679,-0.045954,0.564449,-0.086026,-0.037312,-0.556606,2507702.208106,1139173.454211,460.486491,124.276613,-0.646828,-2.371928
DJI_0204.jpg,2507706.886941,1139169.503243,460.512628,124.306206,-0.665592,-1.714089,0.661031,0.266252,0.602972,-0.049962,0.779454,-0.076759,0.085459,-0.770944,2507707.153186,1139170.106199,460.462666,124.229447,-0.580133,-2.485033
DJI_0205.jpg,2507711.719553,1139166.166533,460.559489,124.293353,-0.477767,-1.648341,0.590536,0.303075,0.493701,-0.114618,0.645313,-0.084540,-0.019722,-0.639448,2507712.022620,1139166.660220,460.444871,124.208813,-0.497489,-2.287789
DJI_0206.jpg,2507716.677991,1139162.905521,460.601897,124.222053,-0.407360,-1.815506,0.605996,0.392610,0.439908,-0.139889,0.654132,-0.065175,-0.138999,-0.635862,2507717.070591,1139163.345417,460.462008,124.156878,-0.546359,-2.451368
DJI_0207.jpg,2507721.939714,1139159.582058,460.601831,124.154895,-0.817132,-2.073728,0.625920,0.403118,0.469193,-0.095551,0.700699,-0.001001,-0.103945,-0.692946,2507722.342821,1139160.051238,460.506280,124.153894,-0.921077,-2.766674
DJI_0208.jpg,2507726.979171,1139156.207101,460.546711,124.056390,-0.945244,-1.993276,0.716760,0.595287,0.386993,-0.098048,0.847476,0.039953,-0.366856,-0.762913,2507727.574443,1139156.594084,460.448663,124.096343,-1.312100,-2.756189
DJI_0209.jpg,2507731.808753,1139152.829624,460.510278,123.923747,-0.862082,-1.817804,0.699750,0.530407,0.437385,-0.130433,0.801887,0.060085,-0.211146,-0.771252,2507732.339146,1139153.266997,460.379845,123.983832,-1.073228,-2.589056
DJI_0210.jpg,2507736.850604,1139149.431841,460.499165,123.765653,-1.010408,-1.785666,0.722043,0.469563,0.526355,-0.154298,0.836238,0.069253,-0.030904,-0.832792,2507737.320154,1139149.958182,460.344867,123.834906,-1.041312,-2.618458
DJI_0211.jpg,2507741.820559,1139146.187757,460.454263,123.664711,-0.927822,-1.824063,0.739587,0.529879,0.487346,-0.169443,0.848498,0.026204,-0.120124,-0.839543,2507742.350424,1139146.675090,460.284820,123.690915,-1.047946,-2.663606
DJI_0212.jpg,2507744.489045,1139144.452636,460.486531,123.649669,-1.019690,-1.591176,0.746494,0.500345,0.520467,-0.189795,0.859039,0.015612,-0.050703,-0.857399,2507744.989377,1139144.973089,460.296736,123.665281,-1.070393,-2.448575
DJI_0213.jpg,2507742.654063,1139142.602537,460.435881,123.626535,-1.125320,-1.625432,0.742727,0.552421,0.468745,-0.163565,0.868067,0.025883,-0.159020,-0.852985,2507743.206469,1139143.071269,460.272316,123.652418,-1.284340,-2.478417
DJI_0214.jpg,2507739.051008,1139136.995064,460.508270,123.583717,-1.465293,-1.615657,0.599675,0.449752,0.391651,-0.062791,0.717907,0.040709,-0.101611,-0.709513,2507739.500748,1139137.386705,460.445479,123.624426,-1.566904,-2.325170
DJI_0215.jpg,2507735.352370,1139137.976069,346.348192,119.900002,0.099998,-0.000000,,,,,,,,,,,,,,
DJI_0216.jpg,2507734.053963,1139140.263558,460.532022,123.623087,-1.079452,-1.196184,0.573593,0.454019,0.347641,-0.044964,0.677415,0.036114,-0.166684,-0.655594,2507734.507970,1139140.611190,460.487058,123.659201,-1.246136,-1.851778
DJI_0217.jpg,2507729.059231,1139143.517039,460.595865,123.722727,-0.926549,-1.083313,0.599755,0.442689,0.403692,-0.027667,0.722496,0.036307,-0.132814,-0.709255,2507729.501908,1139143.920720,460.568198,123.759034,-1.059363,-1.792568
DJI_0218.jpg,2507724.103443,1139146.832606,460.681413,123.825809,-0.880754,-1.077911,0.633986,0.484337,0.408884,-0.012997,0.775244,0.037785,-0.209308,-0.745497,2507724.587768,1139147.241479,460.668416,123.863594,-1.090062,-1.823408
DJI_0219.jpg,2507718.667161,1139150.358928,460.764529,123.905937,-0.681814,-0.902981,0.781043,0.671507,0.398075,0.025331,1.001281,0.046694,-0.468186,-0.883846,2507719.338650,1139150.756993,460.789860,123.952631,-1.150000,-1.786827
DJI_0220.jpg,2507713.953922,1139153.483706,460.815011,123.957159,-0.595541,-0.793466,0.740711,0.583305,0.455726,0.026874,0.925311,0.033958,-0.325771,-0.865402,2507714.537211,1139153.939420,460.841884,123.991117,-0.921312,-1.658868
DJI_0221.jpg,2507708.908245,1139157.103025,460.817310,124.092881,-0.808968,-0.958423,0.725838,0.587466,0.418879,0.079153,0.924461,0.001017,-0.403935,-0.831543,2507709.495695,1139157.521892,460.896463,124.093898,-1.212903,-1.789966
DJI_0222.jpg,2507704.512171,1139160.330149,460.899016,124.165253,-1.011298,-1.170757,0.590275,0.247337,0.529181,0.084950,0.684571,0.009277,0.052781,-0.682470,2507704.759501,1139160.859316,460.983966,124.174530,-0.958517,-1.853227
DJI_0223.jpg,2507699.863826,1139163.760774,461.003039,124.256000,-1.292366,-1.380019,0.732475,-0.274599,0.678695,0.022073,0.896541,-0.027418,0.784890,-0.432415,2507699.589234,1139164.439451,461.025112,124.228582,-0.507476,-1.812434
DJI_0224.jpg,2507694.578952,1139167.624897,461.035577,124.250261,-0.992153,-1.591324,0.312599,-0.283965,0.128478,-0.023984,0.390925,-0.052029,0.335831,0.193218,2507694.294994,1139167.753371,461.011593,124.198232,-0.656322,-1.398106
DJI_0225.jpg,2507689.708233,1139171.006565,461.028486,124.199897,-1.083716,-1.554570,0.225870,-0.138869,-0.176322,-0.025359,0.428020,-0.053916,-0.100045,0.412656,2507689.569368,1139170.830248,461.003127,124.145981,-1.183761,-1.141914
DJI_0226.jpg,2507684.655191,1139174.401953,461.073249,124.176326,-0.936047,-1.447102,0.187979,0.018825,-0.180289,-0.049777,0.413940,0.014797,-0.288348,0.296619,2507684.674016,1139174.221669,461.023472,124.191123,-1.224395,-1.150483
DJI_0227.jpg,2507679.626195,1139177.863725,461.195204,124.154989,-0.827561,-1.460780,0.543983,0.287695,-0.457397,-0.062741,0.922813,0.027247,-0.831713,0.398866,2507679.913883,1139177.406340,461.132463,124.182236,-1.659274,-1.061914
DJI_0228.jpg,2507674.493570,1139181.261097,461.194998,124.183665,-0.624603,-1.280093,0.364352,-0.358837,0.044631,0.044683,0.495578,0.045570,0.363302,0.333965,2507674.134743,1139181.305727,461.239681,124.229235,-0.261301,-0.946128
DJI_0229.jpg,2507669.231167,1139184.731503,461.179370,124.258451,-0.231202,-1.065271,0.126482,-0.111059,-0.029806,0.052680,0.222295,0.021010,-0.004142,0.221262,2507669.120111,1139184.701698,461.232050,124.279461,-0.235344,-0.844009
DJI_0230.jpg,2507664.185433,1139188.203595,461.168455,124.358320,-0.066934,-1.019507,0.434061,-0.276302,0.333366,0.030559,0.468106,0.055728,0.460593,-0.062221,2507663.909139,1139188.536952,461.199014,124.414048,0.393659,-1.081728
DJI_0231.jpg,2507659.308446,1139191.419655,461.202630,124.237154,-0.252670,-0.976880,0.384332,-0.330360,0.193275,-0.034910,0.416733,0.094097,0.380929,0.140375,2507658.978095,1139191.612925,461.167720,124.331251,0.128259,-0.836505
DJI_0232.jpg,2507654.500235,1139194.880267,461.253375,124.186599,-0.383455,-1.131191,0.275175,-0.217817,0.147564,-0.080634,0.339357,-0.143143,0.289564,0.104047,2507654.282424,1139195.027827,461.172741,124.043456,-0.093891,-1.027144
DJI_0233.jpg,2507649.657202,1139198.358723,461.187064,124.134021,-0.479325,-1.352669,0.104212,0.056971,0.040357,-0.077367,0.215543,-0.192147,-0.095053,-0.022435,2507649.714172,1139198.399079,461.109697,123.941874,-0.574378,-1.375104
DJI_0234.jpg,2507645.112036,1139201.423798,461.353257,123.839493,-1.872736,-1.438610,0.501374,0.469174,0.161747,-0.071347,0.714500,-0.075190,-0.491720,-0.512902,2507645.581197,1139201.585540,461.281910,123.764303,-2.364456,-1.951512
DJI_0235.jpg,2507640.679800,1139204.614388,461.409892,123.854575,-2.360541,-1.628562,0.994224,-0.055594,0.990673,0.062908,1.393402,-0.029723,0.868860,-1.088930,2507640.624208,1139205.605035,461.472800,123.824852,-1.491681,-2.717492
DJI_0236.jpg,2507636.836294,1139205.120845,346.448733,119.900002,0.099998,-0.000000,,,,,,,,,,,,,,
DJI_0237.jpg,2507637.445713,1139200.047882,461.233408,123.753636,-2.503224,-2.324632,0.092546,-0.011634,0.044765,0.080159,0.059765,0.054349,0.024392,0.004798,2507637.434080,1139200.092646,461.313567,123.807985,-2.478832,-2.319834
DJI_0238.jpg,2507634.212293,1139195.350054,461.211663,123.729607,-2.456505,-2.725463,0.470743,0.381641,-0.273848,0.030924,0.739540,0.008965,-0.734728,0.083750,2507634.593924,1139195.076213,461.242587,123.738572,-3.191233,-2.641713
DJI_0239.jpg,2507635.070491,1139195.702455,460.964218,123.723348,-3.141802,-2.493887,0.466268,0.041087,0.452330,0.105429,0.610683,-0.016084,0.309993,-0.525908,2507635.111577,1139196.154773,461.069647,123.707264,-2.831809,-3.019795
DJI_0240.jpg,2507640.111337,1139191.856732,460.819250,123.868594,-2.331281,-1.918891,0.803637,0.397331,0.692451,0.092041,1.091255,-0.181028,0.066712,-1.074065,2507640.508657,1139192.549164,460.911291,123.687566,-2.264569,-2.992956
DJI_0241.jpg,2507644.697298,1139188.638038,460.662804,124.123562,-1.585687,-1.485613,0.891775,0.857507,0.224241,0.098286,1.286716,-0.391451,-0.841099,-0.891604,2507645.554783,1139188.862273,460.761090,123.732111,-2.426786,-2.377217
DJI_0242.jpg,2507649.241365,1139185.641728,460.632788,124.212928,-0.729097,-1.324484,0.087686,0.007629,0.084079,0.023692,0.063156,0.012052,0.055078,-0.028458,2507649.248994,1139185.725805,460.656480,124.224980,-0.674019,-1.352942
DJI_0243.jpg,2507653.731944,1139182.871603,460.649564,124.374079,-0.318803,-1.489774,0.098402,0.060383,0.067463,0.038543,0.221749,0.135225,-0.165512,-0.059097,2507653.792325,1139182.939064,460.688107,124.509304,-0.484315,-1.548871
DJI_0244.jpg,2507658.956661,1139179.570475,460.738897,124.393887,0.013942,-1.501763,0.306854,0.295932,-0.020453,0.078523,0.513406,-0.019026,-0.490797,-0.149472,2507659.252585,1139179.550022,460.817420,124.374861,-0.476855,-1.651235
DJI_0245.jpg,2507663.779718,1139176.317590,460.853444,124.421233,0.300202,-1.208725,0.394278,0.388473,-0.023424,0.063210,0.642648,0.069185,-0.593641,-0.236220,2507664.168180,1139176.294167,460.916654,124.490418,-0.293439,-1.444945
DJI_0246.jpg,2507668.456520,1139173.345520,461.018659,124.403957,0.373778,-1.208748,0.282315,0.132010,-0.245343,-0.045625,0.521352,0.041230,-0.454157,0.252685,2507668.588527,1139173.100183,460.973034,124.445187,-0.080379,-0.956063
DJI_0247.jpg,2507673.961136,1139169.941632,461.081924,124.428745,-0.314312,-1.251672,0.218848,0.215301,0.023378,-0.031521,0.351304,0.031050,-0.328179,-0.121445,2507674.176431,1139169.965009,461.050403,124.459795,-0.642491,-1.373117
DJI_0248.jpg,2507679.469309,1139166.636453,461.095546,124.470790,-0.889724,-1.476017,0.240409,-0.050507,-0.213897,-0.097434,0.435550,0.032846,-0.226602,0.370508,2507679.418803,1139166.422561,460.998112,124.503636,-1.116326,-1.105509
DJI_0249.jpg,2507684.919784,1139163.206523,460.998859,124.578590,-0.882388,-1.477621,0.631871,-0.564693,0.275753,-0.065903,0.845182,-0.109203,0.804830,0.233786,2507684.355106,1139163.482268,460.932956,124.469387,-0.077558,-1.243835
DJI_0250.jpg,2507689.650800,1139160.409461,460.947028,124.567073,-0.740775,-1.612972,0.690095,-0.549871,0.413792,0.051469,0.927421,-0.131138,0.915638,0.067228,2507689.100943,1139160.823242,460.998497,124.435935,0.174863,-1.545744
DJI_0251.jpg,2507695.314773,1139156.912121,460.896345,124.561995,-1.115641,-1.691209,0.630427,-0.389100,0.477261,0.135133,0.791607,-0.037119,0.781629,-0.119668,2507694.925683,1139157.389369,461.031478,124.524876,-0.334012,-1.810877
DJI_0252.jpg,2507700.312877,1139153.673615,460.823616,124.478952,-1.050026,-1.621715,0.314157,0.243191,0.112701,0.163863,0.389832,0.127146,-0.288953,-0.228712,2507700.556062,1139153.786313,460.987479,124.606098,-1.338979,-1.850427
DJI_0253.jpg,2507705.146472,1139150.479770,460.731140,124.405139,-0.758910,-1.386239,0.339601,0.251121,0.177576,0.143992,0.392834,0.080544,-0.197535,-0.329865,2507705.397587,1139150.657341,460.875132,124.485683,-0.956445,-1.716104
DJI_0254.jpg,2507709.944452,1139147.541718,460.634112,124.323725,-0.222434,-1.370582,0.528658,0.479392,0.197811,0.102629,0.669421,0.071452,-0.409316,-0.524861,2507710.423831,1139147.739524,460.736741,124.395177,-0.631750,-1.895443
DJI_0255.jpg,2507714.918160,1139144.462668,460.626369,124.299987,-0.012522,-1.351278,0.457992,0.379034,0.247981,0.067794,0.559720,0.028207,-0.242771,-0.503540,2507715.297184,1139144.710642,460.694163,124.328194,-0.255293,-1.854818
DJI_0256.jpg,2507720.200330,1139141.245146,460.615012,124.259222,-0.300736,-1.396142,0.409223,0.313584,0.258904,0.045793,0.481688,0.053801,-0.128978,-0.460970,2507720.513906,1139141.504043,460.660805,124.313023,-0.429714,-1.857112
DJI_0257.jpg,2507725.680414,1139138.015012,460.595327,124.122855,-0.788420,-1.522784,0.376195,0.302265,0.221224,0.034904,0.429947,0.053213,-0.117679,-0.410090,2507725.982671,1139138.236230,460.630231,124.176068,-0.906099,-1.932874
DJI_0258.jpg,2507730.855576,1139135.065027,460.514814,123.979733,-0.763359,-1.755510,0.427730,0.346690,0.249991,0.016228,0.500022,0.052261,-0.119143,-0.482800,2507731.202257,1139135.315011,460.531042,124.031994,-0.882502,-2.238310
DJI_0259.jpg,2507735.848810,1139131.895059,460.525241,123.886312,-0.759431,-1.545610,0.471063,0.389067,0.265495,0.006321,0.560787,0.057362,-0.134323,-0.541433,2507736.237866,1139132.160546,460.531562,123.943674,-0.893754,-2.087043
DJI_0260.jpg,2507731.523212,1139130.845199,346.247999,119.800003,0.099998,-0.000000,,,,,,,,,,,,,,
DJI_0261.jpg,2507731.467757,1139126.651685,460.360327,123.770201,-1.056361,-1.397768,0.301218,0.274489,0.108478,0.060173,0.336545,0.075811,-0.139354,-0.296809,2507731.742238,1139126.760161,460.420500,123.846012,-1.195715,-1.694577
DJI_0262.jpg,2507730.757091,1139125.705629,460.413466,123.753221,-0.821719,-1.179031,0.283933,0.261116,0.091736,0.063414,0.316570,0.079311,-0.139457,-0.272907,2507731.018200,1139125.797362,460.476880,123.832532,-0.961176,-1.451938
DJI_0263.jpg,2507726.849986,1139128.202204,460.477400,123.700438,-1.046122,-1.227766,0.253623,0.217285,0.105748,0.077003,0.276106,0.075801,-0.099658,-0.246083,2507727.067265,1139128.307949,460.554403,123.776239,-1.145780,-1.473849
DJI_0264.jpg,2507721.532878,1139131.285629,460.624051,123.774353,-0.509313,-1.149045,0.207405,0.157629,0.096765,0.093842,0.202894,0.073084,-0.063023,-0.178473,2507721.690503,1139131.382392,460.717893,123.847437,-0.572336,-1.327518
DJI_0265.jpg,2507716.412349,1139134.388359,460.703895,123.836605,-0.526039,-1.145373,0.162792,0.107688,0.071462,0.098982,0.131029,0.063927,-0.056129,-0.099657,2507716.520034,1139134.459819,460.802877,123.900532,-0.582168,-1.245030
DJI_0266.jpg,2507711.177653,1139137.654710,460.723920,123.918972,-0.295721,-1.183778,0.177345,0.024798,0.145835,0.097819,0.148430,0.060797,0.071924,-0.114726,2507711.202451,1139137.800541,460.821739,123.979769,-0.223797,-1.298504
DJI_0267.jpg,2507706.113639,1139140.835342,460.684920,124.025282,-0.357048,-1.248595,0.266998,-0.197318,-0.155982,0.089574,0.435826,0.067841,0.075149,0.423904,2507705.916327,1139140.679365,460.774494,124.093123,-0.281899,-0.824691
DJI_0268.jpg,2507701.146153,1139143.904321,460.702773,124.101151,-0.521524,-1.362546,0.284216,-0.144055,-0.238509,0.056038,0.483015,0.027235,-0.082073,0.475211,2507701.002102,1139143.665818,460.758811,124.128386,-0.603597,-0.887335
DJI_0269.jpg,2507696.448190,1139146.615811,460.799413,124.262248,-1.299833,-1.301524,0.553234,-0.041653,-0.547510,0.067567,0.900120,-0.078269,-0.493396,0.748766,2507696.406538,1139146.068316,460.866980,124.183979,-1.793229,-0.552758
DJI_0270.jpg,2507691.317565,1139149.293884,460.882978,124.284567,-1.679161,-0.705652,0.812336,-0.766948,0.266530,0.025361,1.134295,-0.067070,1.065672,0.382714,2507690.550638,1139149.560407,460.908339,124.217497,-0.613489,-0.322938
DJI_0271.jpg,2507685.615739,1139152.544148,460.954128,124.312404,-0.953238,-0.334168,0.626284,-0.572758,0.250719,-0.036327,0.823274,-0.035077,0.788082,0.235535,2507685.042996,1139152.794860,460.917801,124.277327,-0.165156,-0.098633
DJI_0272.jpg,2507679.744550,1139156.201805,460.934748,124.260352,-0.316512,-0.323620,0.380990,-0.374445,-0.009054,-0.069732,0.542591,0.036038,0.369854,0.395365,2507679.370115,1139156.192752,460.865016,124.296390,0.053342,0.071745
DJI_0273.jpg,2507675.103969,1139159.099903,460.893161,124.242225,-0.491446,-0.452438,0.186318,-0.027399,-0.178735,-0.044916,0.391521,0.028425,-0.235995,0.311106,2507675.076571,1139158.921172,460.848245,124.270650,-0.727441,-0.141332
DJI_0274.jpg,2507670.078726,1139162.144820,460.880766,124.191694,-1.295777,-0.551484,0.209024,0.050731,0.202506,-0.010427,0.228500,0.122808,-0.018269,-0.191824,2507670.129456,1139162.347321,460.870339,124.314502,-1.314046,-0.743308
DJI_0275.jpg,2507665.368330,1139165.426485,460.968792,124.237765,-1.127781,-0.999107,0.540867,-0.515970,0.121296,-0.107697,0.704242,0.072630,0.576719,0.397590,2507664.852373,1139165.547778,460.861095,124.310395,-0.551062,-0.601517
DJI_0276.jpg,2507659.868270,1139168.807290,460.994086,124.236340,-0.550654,-0.946143,0.572524,-0.347008,0.438465,-0.122953,0.655687,0.157966,0.627247,-0.107392,2507659.521271,1139169.245744,460.871133,124.394306,0.076593,-1.053535
DJI_0277.jpg,2507654.544635,1139171.922190,460.933957,124.228778,-0.322014,-0.783647,0.786226,-0.658142,0.407883,-0.136497,0.967158,-0.071201,0.943802,0.198904,2507653.886510,1139172.330062,460.797460,124.157577,0.621788,-0.584743
DJI_0278.jpg,2507648.858027,1139175.255047,460.767296,124.310321,-0.023404,-0.627139,0.590560,-0.491022,0.203701,-0.257225,0.619319,-0.127465,0.531157,0.291859,2507648.367018,1139175.458742,460.510071,124.182856,0.507753,-0.335280
DJI_0279.jpg,2507644.006127,1139177.844784,460.649085,124.202787,-0.113293,-0.197775,0.408799,0.207012,0.022686,-0.351779,0.396044,0.022014,-0.387647,-0.078079,2507644.213133,1139177.867469,460.297306,124.224801,-0.500940,-0.275854
DJI_0280.jpg,2507639.515244,1139180.711422,460.613251,123.994173,-0.970617,-0.357323,0.359141,0.078238,-0.238455,-0.256905,0.518530,0.048988,-0.385990,0.342760,2507639.593480,1139180.472973,460.356346,124.043161,-1.356607,-0.014563
DJI_0281.jpg,2507635.195371,1139183.992642,460.838949,123.839463,-2.362457,-1.211786,0.898155,0.359362,-0.815174,-0.114162,1.380872,-0.005683,-1.152134,0.761158,2507635.554723,1139183.177490,460.724787,123.833780,-3.514591,-0.450628
DJI_0282.jpg,2507630.565080,1139187.177616,461.042150,123.749982,-2.365162,-1.723397,0.816221,-0.035503,-0.812470,0.069642,1.239022,0.106426,-0.651373,1.048600,2507630.529578,1139186.365168,461.111792,123.856408,-3.016535,-0.674797
DJI_0283.jpg,2507627.658722,1139188.991190,461.038319,123.688909,-2.768718,-1.880306,1.203993,0.202132,-1.186897,0.004187,1.870730,0.040880,-1.309246,1.335603,2507627.860848,1139187.804325,461.042506,123.729789,-4.077964,-0.544703
DJI_0284.jpg,2507626.546381,1139186.355807,461.021571,123.628714,-2.794011,-1.867095,0.993773,-0.125328,-0.985759,0.012548,1.556967,0.023606,-0.721041,1.379742,2507626.421056,1139185.370075,461.034119,123.652320,-3.515052,-0.487353
DJI_0285.jpg,2507623.162242,1139181.313030,461.067041,123.736016,-2.384212,-2.095819,0.095987,-0.090756,-0.019000,-0.024818,0.161708,-0.036993,0.052110,0.148544,2507623.071489,1139181.294031,461.042223,123.699023,-2.332102,-1.947275
DJI_0286.jpg,2507619.521318,1139181.461421,346.248050,119.699997,0.000000,-0.000000,,,,,,,,,,,,,,
DJI_0287.jpg,2507628.376750,1139177.688562,460.822823,123.779794,-2.687751,-2.206803,0.159849,0.107795,-0.008527,-0.117725,0.252326,-0.141568,-0.208734,0.007553,2507628.484542,1139177.680036,460.705098,123.638226,-2.896485,-2.199250
DJI_0288.jpg,2507633.346784,1139174.387077,460.528859,123.679758,-2.972029,-1.884086,0.847046,0.692635,-0.474827,-0.110829,1.276631,-0.068642,-1.270136,0.108764,2507634.039401,1139173.912263,460.418030,123.611116,-4.242165,-1.775322
DJI_0289.jpg,2507637.492108,1139171.741254,460.393994,123.914169,-1.413928,-1.602205,0.579202,0.115846,-0.499078,-0.270141,0.907386,0.182745,-0.652332,0.603670,2507637.607950,1139171.242190,460.123853,124.096914,-2.066260,-0.998535
DJI_0290.jpg,2507642.058748,1139169.185922,460.521735,124.392416,-0.520656,-1.828414,0.929482,-0.731683,0.519312,-0.242676,1.089603,-0.164354,1.076351,0.041128,2507641.327084,1139169.705220,460.279059,124.228062,0.555695,-1.787286
DJI_0291.jpg,2507646.504458,1139166.419893,460.594395,124.452378,-0.055831,-1.696615,0.859593,-0.763241,0.348858,-0.186173,1.094682,-0.227342,1.021825,0.320184,2507645.741237,1139166.768742,460.408222,124.225036,0.965994,-1.376431
DJI_0292.jpg,2507652.048477,1139162.987702,460.644932,124.421579,-0.281934,-1.658995,0.775165,-0.708733,0.311302,-0.040866,1.049786,-0.061912,0.984364,0.359508,2507651.339763,1139163.298996,460.604066,124.359667,0.702430,-1.299487
DJI_0293.jpg,2507657.439355,1139159.722191,460.672434,124.370940,-0.771731,-1.769038,0.485654,-0.477382,0.075854,0.047042,0.692392,-0.012761,0.530523,0.444735,2507656.961986,1139159.798043,460.719476,124.358179,-0.241208,-1.324303
DJI_0294.jpg,2507653.847187,1139163.955586,456.312023,124.063201,17.043053,-3.297965,12.478552,8.887543,-7.601280,4.352743,18.407751,0.342472,-18.312294,1.840625,2507662.734499,1139156.354505,460.664756,124.405673,-1.269241,-1.457340
DJI_0295.jpg,2507667.729716,1139153.394684,460.578624,124.413216,-0.826668,-1.602021,0.311778,0.149178,-0.273335,0.015481,0.531112,-0.045648,-0.468939,0.245137,2507667.878890,1139153.121357,460.594105,124.367568,-1.295607,-1.356884
DJI_0296.jpg,2507672.805195,1139150.401630,460.521613,124.376457,-0.590186,-1.654959,0.338226,0.122444,-0.312218,-0.043867,0.567877,-0.063428,-0.467378,0.316257,2507672.927635,1139150.089421,460.477746,124.313029,-1.057564,-1.338702
DJI_0297.jpg,2507677.818626,1139147.341653,460.545956,124.348700,-0.376373,-1.587431,0.203033,0.008208,-0.188222,-0.075679,0.363366,-0.077875,-0.223015,0.276106,2507677.826834,1139147.153436,460.470277,124.270825,-0.599388,-1.311325
DJI_0298.jpg,2507682.917443,1139144.139246,460.605911,124.417276,-0.382285,-1.345268,0.346712,-0.263914,-0.208283,-0.084715,0.546753,-0.041291,0.080750,0.539178,2507682.653536,1139143.930968,460.521196,124.375985,-0.301535,-0.806090
DJI_0299.jpg,2507688.135022,1139141.063824,460.609732,124.395629,-0.404115,-1.392098,0.401941,-0.353154,-0.175310,-0.078134,0.615656,-0.036402,0.203788,0.579809,2507687.781877,1139140.888518,460.531598,124.359227,-0.200327,-0.812289
DJI_0300.jpg,2507693.427426,1139138.111692,460.668031,124.344568,-0.402292,-1.533678,0.406337,-0.404086,-0.039185,-0.016987,0.603490,0.031496,0.380826,0.467097,2507693.023351,1139138.072508,460.651044,124.376064,-0.021466,-1.066581
DJI_0301.jpg,2507698.659741,1139135.209905,460.683762,124.252928,-0.340723,-1.730652,0.406546,-0.405165,0.016419,0.029180,0.595173,0.075440,0.437883,0.395978,2507698.254587,1139135.226323,460.712942,124.328368,0.097160,-1.334674
DJI_0302.jpg,2507703.726054,1139132.160689,460.704451,124.131362,-0.215535,-1.579915,0.420493,-0.398446,-0.103624,0.085539,0.624859,0.045120,0.342094,0.520945,2507703.327619,1139132.057068,460.789990,124.176482,0.126559,-1.058970
DJI_0303.jpg,2507708.854776,1139129.180158,460.667194,123.999503,-0.096815,-1.704494,0.226372,-0.196761,-0.004699,0.111835,0.316298,0.085511,0.210077,0.220454,2507708.658020,1139129.175459,460.779029,124.085014,0.113262,-1.484040
DJI_0304.jpg,2507714.261974,1139125.964468,460.667858,123.831697,-0.418666,-1.679594,0.131729,-0.017457,-0.057510,0.117219,0.153754,0.096167,-0.015352,0.118981,2507714.244518,1139125.906960,460.785077,123.927864,-0.434018,-1.560613
DJI_0305.jpg,2507719.458290,1139122.739153,460.694259,123.705035,-0.658337,-1.525807,0.142739,0.056973,-0.079327,0.104094,0.153075,0.100947,-0.091248,0.070110,2507719.515261,1139122.659828,460.798353,123.805982,-0.749585,-1.455697
DJI_0306.jpg,2507724.700741,1139119.719184,460.697529,123.613895,-0.691211,-1.588482,0.163951,0.110345,-0.079669,0.091415,0.178762,0.126022,-0.126384,0.010066,2507724.811083,1139119.639517,460.788944,123.739917,-0.817595,-1.578416
DJI_0307.jpg,2507725.957034,1139119.004660,460.693602,123.528455,-0.935251,-1.455970,0.169279,0.110418,-0.088993,0.092430,0.178647,0.123421,-0.128018,0.017133,2507726.067450,1139118.915670,460.786032,123.651876,-1.063269,-1.438837
DJI_0308.jpg,2507723.124049,1139115.601523,460.756746,123.470744,-0.775121,-1.664869,0.159478,0.077886,-0.100705,0.096050,0.191265,0.147258,-0.116576,0.036158,2507723.201933,1139115.500821,460.852796,123.618002,-0.891697,-1.628711
DJI_0309.jpg,2507720.636887,1139112.311832,460.808953,123.497403,-0.566030,-1.739383,0.137470,0.011325,-0.100797,0.092789,0.187892,0.166208,-0.054606,0.068529,2507720.648212,1139112.211038,460.901742,123.663611,-0.620636,-1.670854
DJI_0310.jpg,2507719.334521,1139113.752826,460.962675,123.385522,-0.177282,-1.194972,0.164339,0.037206,-0.124886,0.100132,0.219291,0.167503,-0.113035,0.085171,2507719.371726,1139113.627943,461.062807,123.553025,-0.290317,-1.109801
DJI_0311.jpg,2507713.537479,1139117.178974,460.965865,123.510629,-0.276725,-1.280310,0.129137,-0.050118,-0.070105,0.096176,0.200289,0.163435,0.005765,0.115635,2507713.487362,1139117.108870,461.062041,123.674064,-0.270960,-1.164675
DJI_0312.jpg,2507708.533766,1139120.212791,461.023192,123.617687,-0.502834,-1.167014,0.190490,-0.149148,-0.070864,0.094972,0.269559,0.131247,0.099770,0.213265,2507708.384622,1139120.141929,461.118164,123.748934,-0.403064,-0.953749
DJI_0313.jpg,2507703.407994,1139123.444033,461.044214,123.821422,-0.597267,-1.193641,0.443212,-0.429574,0.062084,0.089718,0.583649,0.069346,0.494313,0.302478,2507702.978432,1139123.506115,461.133932,123.890768,-0.102954,-0.891163
DJI_0314.jpg,2507698.034818,1139126.764221,461.028168,123.925468,-0.280696,-1.196283,0.667590,-0.660762,0.094420,0.012441,0.926371,0.107337,0.781906,0.485042,2507697.374074,1139126.858638,461.040609,124.032805,0.501210,-0.711241
DJI_0315.jpg,2507692.967789,1139129.931594,460.944934,124.064782,-0.372590,-1.238228,0.525762,-0.513096,0.097343,-0.060688,0.730081,0.063646,0.617444,0.384357,2507692.454707,1139130.028934,460.884246,124.128428,0.244854,-0.853871
DJI_0316.jpg,2507688.088246,1139132.826737,460.938349,124.094329,-0.929398,-1.122881,0.321216,-0.303823,0.016768,-0.102908,0.447286,0.068958,0.308210,0.316728,2507687.784431,1139132.843504,460.835441,124.163287,-0.621188,-0.806153
DJI_0317.jpg,2507682.861492,1139135.975799,460.928246,124.178944,-0.921589,-1.069004,0.234397,-0.174597,-0.085460,-0.130975,0.346514,0.033089,0.072324,0.337262,2507682.686900,1139135.890341,460.797271,124.212033,-0.849265,-0.731742
DJI_0318.jpg,2507677.610969,1139139.248162,460.884387,124.214378,-0.606404,-1.054260,0.322216,-0.234852,-0.160017,-0.151862,0.483291,0.013456,0.088969,0.474840,2507677.376123,1139139.088149,460.732525,124.227834,-0.517435,-0.579420
DJI_0319.jpg,2507672.573529,1139142.508040,460.783517,124.256594,-0.685702,-1.218875,0.511777,-0.436936,-0.198098,-0.178214,0.747077,-0.013334,0.297784,0.685033,2507672.136605,1139142.309948,460.605303,124.243260,-0.387918,-0.533842
DJI_0320.jpg,2507667.617059,1139145.455734,460.705235,124.298412,-1.075958,-1.091197,0.584299,-0.130104,-0.541892,-0.175587,0.913171,-0.076542,-0.352938,0.838723,2507667.486959,1139144.913856,460.529648,124.221870,-1.428896,-0.252474
DJI_0321.jpg,2507662.607564,1139148.152077,460.730258,124.291918,-1.635460,-0.646401,0.835147,0.014069,-0.828187,-0.106671,1.296117,-0.096974,-0.762609,1.043525,2507662.621633,1139147.323913,460.623587,124.194944,-2.398069,0.397124
DJI_0322.jpg,2507656.701708,1139151.781663,460.818569,124.084957,-0.956069,-0.502424,0.967236,0.040382,-0.964853,0.054538,1.524021,-0.008799,-0.930652,1.206834,2507656.742089,1139150.816836,460.873107,124.076158,-1.886721,0.704410
DJI_0323.jpg,2507651.423782,1139155.182092,460.796702,124.145569,-0.567306,-0.670454,0.769267,-0.744426,0.193913,0.000272,1.038374,0.021941,0.907536,0.504100,2507650.679376,1139155.375999,460.796974,124.167510,0.340230,-0.166354
DJI_0324.jpg,2507646.339134,1139158.479816,460.751081,124.289458,-0.384049,-0.840028,0.714078,-0.641156,0.291809,-0.116937,0.929452,-0.129987,0.873655,0.289327,2507645.697995,1139158.771618,460.634144,124.159471,0.489606,-0.550701
DJI_0325.jpg,2507641.093424,1139161.665015,460.686588,124.309851,-0.164439,-0.764489,0.234387,-0.069313,0.101624,-0.199513,0.198325,-0.197297,-0.001327,0.020117,2507641.024113,1139161.766636,460.487075,124.112554,-0.165766,-0.744372
DJI_0326.jpg,2507636.178815,1139164.661865,460.567927,124.369911,-0.336254,-0.689199,0.223132,0.131292,0.056833,-0.171231,0.258335,-0.074614,-0.222938,-0.107091,2507636.310103,1139164.718696,460.396696,124.295297,-0.559192,-0.796290
DJI_0327.jpg,2507632.194701,1139167.311894,460.626891,124.135502,-1.952809,-0.993213,0.799700,-0.736522,0.251809,-0.183432,1.180628,0.362007,1.044369,0.414880,2507631.458198,1139167.563696,460.443459,124.497509,-0.908440,-0.578333
DJI_0328.jpg,2507628.055749,1139169.955139,460.869216,124.121981,-3.543908,-1.210994,0.381741,0.325841,0.190468,-0.057237,0.500878,-0.060156,-0.228398,-0.441695,2507628.381581,1139170.145602,460.811979,124.061825,-3.772306,-1.652689
DJI_0329.jpg,2507622.151443,1139173.662337,461.144480,124.139306,-2.103410,-1.139171,0.106159,-0.011163,0.104573,-0.014476,0.103723,-0.004497,0.071427,-0.075076,2507622.140280,1139173.766908,461.130004,124.134809,-2.031983,-1.214247
DJI_0330.jpg,2507619.064043,1139175.497751,461.042804,124.214463,-2.408741,-1.183628,0.298926,0.286420,0.036145,-0.077549,0.437801,-0.028955,-0.364865,-0.240218,2507619.350456,1139175.533895,460.965255,124.185508,-2.773606,-1.423846
DJI_0331.jpg,2507618.218506,1139173.290748,460.993348,124.228607,-2.446974,-0.776326,0.149070,0.144246,-0.002374,-0.037540,0.230648,0.013473,-0.214345,-0.084103,2507618.362748,1139173.288374,460.955808,124.242080,-2.661319,-0.860429
DJI_0332.jpg,2507615.182887,1139168.565766,460.905254,124.386682,-2.376819,-1.018410,0.337138,0.332282,0.041038,-0.039579,0.502674,-0.031520,-0.405581,-0.295283,2507615.515160,1139168.606803,460.865675,124.355162,-2.782400,-1.313693
DJI_0333.jpg,2507616.727786,1139168.495837,460.672825,124.276319,-3.066086,-0.861924,0.686499,0.659891,-0.091099,-0.165908,1.036449,-0.115026,-0.955349,-0.385102,2507617.387660,1139168.404741,460.506917,124.161293,-4.021435,-1.247026
DJI_0334.jpg,2507622.519839,1139164.408106,460.525374,124.392070,-3.091831,-0.790617,4.458725,3.649471,-2.524062,-0.436694,6.885125,0.227576,-6.881357,-0.009005,2507626.169212,1139161.884112,460.088679,124.619646,-9.973188,-0.799622
DJI_0335.jpg,2507626.583625,1139161.619297,460.332179,124.655775,-1.759574,-0.578186,0.541563,-0.481349,0.218962,-0.116831,0.784141,-0.138332,0.744892,0.202181,2507626.102289,1139161.838253,460.215348,124.517443,-1.014682,-0.376005
DJI_0336.jpg,2507630.762116,1139158.996326,460.316468,124.553091,-0.188114,-0.784352,0.272125,0.194411,-0.189120,-0.022135,0.436626,-0.085731,-0.413671,0.110313,2507630.956521,1139158.807211,460.294333,124.467360,-0.601785,-0.674039
DJI_0337.jpg,2507636.022008,1139156.031393,460.473254,124.156094,-0.532229,-1.482089,3.883807,3.126099,-2.296729,-0.191044,5.921113,-0.040080,-5.915509,0.254416,2507639.148024,1139153.734726,460.282209,124.116014,-6.447738,-1.227673
DJI_0338.jpg,2507640.846860,1139152.658866,460.576189,124.180726,-0.367890,-1.258303,2.031743,-1.707175,1.068028,-0.269901,2.961430,-0.221668,2.943597,0.237008,2507639.139730,1139153.726866,460.306288,123.959058,2.575707,-1.021295
DJI_0339.jpg,2507646.067974,1139149.291168,460.683030,124.227554,-0.577177,-1.333758,0.234441,-0.099618,0.192967,-0.088332,0.294857,-0.174286,0.232853,-0.048420,2507645.968358,1139149.484130,460.594698,124.053268,-0.344324,-1.382178
DJI_0340.jpg,2507651.119886,1139145.939334,460.745869,124.267852,-0.656328,-1.210324,0.205284,0.146786,-0.103109,-0.099820,0.315075,-0.075330,-0.294092,0.084305,2507651.266668,1139145.836228,460.646049,124.192522,-0.950420,-1.126019
DJI_0341.jpg,2507656.461840,1139142.853825,460.789037,124.334604,-0.793235,-1.675138,0.379366,0.172294,-0.295922,-0.163291,0.580265,-0.047421,-0.499406,0.291638,2507656.634129,1139142.557911,460.625746,124.287183,-1.292641,-1.383500
DJI_0342.jpg,2507661.590715,1139139.613068,460.785658,124.455089,-0.860854,-1.873360,0.342523,-0.283361,-0.101505,-0.163479,0.526043,-0.133190,0.205704,0.465476,2507661.307362,1139139.511566,460.622179,124.321899,-0.655150,-1.407884
DJI_0343.jpg,2507666.568565,1139136.380460,460.790660,124.452057,-0.759547,-1.907112,0.257210,-0.150617,-0.062682,-0.198852,0.342258,-0.071747,0.076263,0.325849,2507666.417952,1139136.317779,460.591808,124.380310,-0.683284,-1.581263
DJI_0344.jpg,2507671.857215,1139132.994435,460.727363,124.422871,-1.016884,-2.080343,0.230249,-0.118132,-0.037693,-0.194007,0.272432,-0.014164,-0.002635,0.272051,2507671.739086,1139132.956743,460.533356,124.408707,-1.019519,-1.808292
DJI_0345.jpg,2507676.827373,1139129.665729,460.641092,124.361524,-0.907689,-2.060899,0.419840,-0.136823,0.355508,-0.176520,0.419805,0.107850,0.363425,-0.180352,2507676.690553,1139130.021227,460.464572,124.469374,-0.544264,-2.241251
DJI_0346.jpg,2507681.762691,1139126.480400,460.611544,124.352543,-0.655395,-2.101022,0.390829,-0.220805,0.297630,-0.124132,0.432535,0.149705,0.402799,-0.049281,2507681.541891,1139126.778022,460.487412,124.502248,-0.252596,-2.150303
DJI_0347.jpg,2507686.645537,1139123.074887,460.619813,124.397556,-0.534938,-1.914860,0.394181,-0.243275,0.295964,-0.092743,0.465796,0.163569,0.433454,-0.048255,2507686.402269,1139123.370843,460.527070,124.561125,-0.101484,-1.963115
DJI_0348.jpg,2507691.638432,1139119.744428,460.698286,124.343247,-0.404209,-1.951626,0.382819,-0.266520,0.269975,-0.051287,0.487742,0.216644,0.436227,-0.025769,2507691.371919,1139120.014396,460.646999,124.559891,0.032018,-1.977395
DJI_0349.jpg,2507696.781931,1139116.421481,460.760107,124.267063,-0.502713,-1.993496,0.399261,-0.288712,0.275778,0.001136,0.555083,0.277082,0.478293,-0.050781,2507696.493227,1139116.697252,460.761243,124.544145,-0.024420,-2.044277
DJI_0350.jpg,2507701.849289,1139113.122467,460.774269,124.172161,-0.517936,-2.032932,0.216342,-0.101441,0.188952,0.028473,0.385392,0.289011,0.212865,-0.140313,2507701.747851,1139113.311414,460.802742,124.461172,-0.305071,-2.173245
DJI_0351.jpg,2507706.979890,1139109.919514,460.814335,124.089976,-0.445249,-2.167391,0.229623,-0.149626,0.164600,0.056971,0.386863,0.255229,0.269696,-0.108559,2507706.830268,1139110.084109,460.871306,124.345205,-0.175553,-2.275950
DJI_0352.jpg,2507712.084592,1139106.650942,460.799065,123.922282,-0.456829,-2.172267,0.261522,-0.167037,0.184099,0.081241,0.436197,0.248331,0.323838,-0.154042,2507711.917559,1139106.835036,460.880306,124.170613,-0.132991,-2.326309
DJI_0353.jpg,2507715.781720,1139104.174071,460.933731,123.826599,-0.150535,-1.867561,0.175341,-0.116300,0.074828,0.107793,0.321793,0.244006,0.188192,-0.092712,2507715.665423,1139104.248897,461.041524,124.070605,0.037657,-1.960273
DJI_0354.jpg,2507714.602149,1139103.439767,460.868216,123.753212,-0.721945,-1.896318,0.181534,-0.124431,0.078851,0.106084,0.323102,0.244269,0.190012,-0.092858,2507714.477721,1139103.518616,460.974300,123.997481,-0.531933,-1.989176
DJI_0355.jpg,2507710.527104,1139097.775123,460.928609,123.735343,-0.843360,-2.082488,0.225634,-0.118329,0.151107,0.118640,0.383658,0.256148,0.199084,-0.204810,2507710.408778,1139097.926226,461.047249,123.991491,-0.644276,-2.287298
DJI_0356.jpg,2507707.576067,1139098.114903,346.347054,119.699997,0.099998,-0.000000,,,,,,,,,,,,,,
DJI_0357.jpg,2507705.222860,1139101.107924,461.082217,123.850363,-0.554242,-1.875730,0.240634,-0.109173,0.189974,0.099479,0.387535,0.253937,0.195705,-0.217713,2507705.113690,1139101.297892,461.181696,124.104300,-0.358537,-2.093443
DJI_0358.jpg,2507700.491203,1139104.503429,461.277201,123.972987,-0.769505,-2.030142,0.287046,-0.065498,0.270298,0.071023,0.468700,0.300067,0.191921,-0.304641,2507700.425707,1139104.773720,461.348224,124.273054,-0.577584,-2.334783
DJI_0359.jpg,2507695.405367,1139107.951537,461.352569,124.218427,-0.157845,-1.929240,0.419464,-0.068676,0.410706,0.050545,0.610926,0.341844,0.292651,-0.413192,2507695.336692,1139108.362232,461.403114,124.560271,0.134806,-2.342432
DJI_0360.jpg,2507689.761120,1139111.687470,461.373840,124.371349,0.195589,-1.711505,0.528087,-0.131583,0.511417,0.003771,0.658891,0.280368,0.413507,-0.429585,2507689.629540,1139112.198874,461.377610,124.651717,0.609096,-2.141090
DJI_0361.jpg,2507685.090904,1139114.853114,461.340912,124.413029,-0.420297,-1.625138,0.733369,-0.069100,0.728520,-0.048100,0.887768,0.215541,0.522959,-0.684243,2507685.021806,1139115.581615,461.292812,124.628570,0.102662,-2.309381
DJI_0362.jpg,2507680.426715,1139118.087586,461.292764,124.460099,-0.971892,-1.654278,0.939466,0.090850,0.929696,-0.100037,1.157755,0.246499,0.516135,-1.006598,2507680.517562,1139119.017257,461.192727,124.706598,-0.455757,-2.660876
DJI_0363.jpg,2507675.494354,1139121.563531,461.281288,124.501217,-0.952448,-1.770854,0.925605,0.030227,0.913017,-0.149095,1.117574,0.225036,0.597435,-0.917280,2507675.524580,1139122.476524,461.132193,124.726253,-0.355013,-2.688134
DJI_0364.jpg,2507670.369332,1139125.197776,461.288010,124.567830,-0.652928,-1.915581,0.891987,0.179879,0.856282,-0.173391,1.020209,0.056272,0.392440,-0.940028,2507670.549206,1139126.054035,461.114619,124.624102,-0.260488,-2.855609
DJI_0365.jpg,2507665.540167,1139128.589489,461.269939,124.661636,-0.849517,-1.949771,0.711710,0.078425,0.672632,-0.218968,0.770898,-0.157959,0.406304,-0.635806,2507665.618590,1139129.262103,461.050971,124.503677,-0.443213,-2.585577
DJI_0366.jpg,2507660.569310,1139132.065155,461.162520,124.674930,-0.817050,-1.984126,0.771709,0.068356,0.729221,-0.243103,0.898514,-0.167259,0.521939,-0.711991,2507660.637664,1139132.794356,460.919417,124.507671,-0.295111,-2.696117
DJI_0367.jpg,2507655.602764,1139135.363346,461.061456,124.747045,-0.777888,-1.804898,0.859664,0.746054,0.371211,-0.211255,1.010345,-0.032929,-0.508085,-0.872675,2507656.348798,1139135.734547,460.850201,124.714116,-1.285973,-2.677573
DJI_0368.jpg,2507650.403491,1139138.665986,461.004060,124.675264,-0.513725,-1.547200,1.337441,1.150331,0.674526,-0.102477,1.747852,0.030442,-0.770702,-1.568464,2507651.553791,1139139.340494,460.901583,124.705706,-1.284427,-3.115664
DJI_0369.jpg,2507645.208090,1139142.152033,460.937544,124.583531,-0.237891,-1.374838,5.320266,-3.783902,3.739361,-0.067063,7.809035,-0.896833,7.686721,-1.044529,2507641.424289,1139145.891294,460.870479,123.686698,7.448830,-2.419367
DJI_0370.jpg,2507640.305450,1139145.649035,460.839993,124.672460,-0.217647,-1.493089,1.149318,1.122946,0.239706,-0.049646,1.608657,-0.255405,-1.157568,-1.087465,2507641.428366,1139145.888735,460.790347,124.417055,-1.375215,-2.580554
DJI_0371.jpg,2507635.122093,1139148.899196,460.653496,124.714008,0.051937,-1.143440,0.649908,0.123683,0.636736,-0.040624,0.848252,-0.240445,0.334783,-0.741375,2507635.245773,1139149.535915,460.612872,124.473563,0.386720,-1.884815
DJI_0372.jpg,2507630.225717,1139152.178422,460.577750,124.796497,-0.052355,-1.131617,0.564039,0.038373,0.546698,-0.133374,0.735616,-0.247809,0.357625,-0.593150,2507630.264089,1139152.725106,460.444376,124.548688,0.305270,-1.724767
DJI_0373.jpg,2507625.284614,1139155.431235,460.398316,124.938747,-0.029495,-0.978218,0.452709,-0.140346,0.405904,-0.143147,0.593210,-0.150151,0.497821,-0.285530,2507625.144272,1139155.837128,460.255169,124.788596,0.468326,-1.263748
DJI_0374.jpg,2507620.874857,1139158.033440,460.372900,125.011505,-1.253315,-0.510788,4.754680,4.246169,-2.095850,-0.429464,7.235746,0.022562,-7.143725,-1.150087,2507625.120913,1139155.937646,459.943434,125.034067,-8.397040,-1.660875
DJI_0375.jpg,2507617.042434,1139160.537084,460.687597,124.764339,-3.317104,-0.544858,0.445764,0.438181,-0.040843,-0.070957,0.662831,-0.002603,-0.590451,-0.301173,2507617.480603,1139160.496242,460.616640,124.761736,-3.907555,-0.846031
DJI_0376.jpg,2507611.557053,1139164.292108,460.922813,124.885723,-2.476895,-0.589057,0.288119,0.253066,0.136077,0.021281,0.410776,-0.051065,-0.211883,-0.348189,2507611.810112,1139164.428182,460.944094,124.834658,-2.688778,-0.937246
DJI_0377.jpg,2507608.355217,1139165.304909,346.347590,119.699997,0.099998,-0.000000,,,,,,,,,,,,,,
DJI_0378.jpg,2507607.820971,1139158.799713,460.667104,124.861489,-2.830787,-0.226219,0.437172,0.360963,0.233517,0.079341,0.623182,-0.097719,-0.240012,-0.566745,2507608.181924,1139159.033224,460.746445,124.763770,-3.070799,-0.792964
DJI_0379.jpg,2507605.884668,1139156.081997,460.495704,124.860833,-2.862463,0.085502,0.369528,0.282977,0.205594,0.119188,0.509624,-0.082014,-0.157124,-0.477811,2507606.167638,1139156.287586,460.614892,124.778819,-3.019587,-0.392309
DJI_0380.jpg,2507608.616578,1139155.136878,460.282405,124.538072,-3.091567,-0.582520,0.451142,0.397312,0.201005,0.072585,0.651332,-0.062874,-0.311181,-0.568723,2507609.013880,1139155.337878,460.354990,124.475198,-3.402748,-1.151243
DJI_0381.jpg,2507614.194800,1139151.744604,460.047045,124.175813,-3.074262,-1.113443,0.705001,0.591335,0.383757,0.008890,1.034877,0.003481,-0.400231,-0.954345,2507614.786119,1139152.128351,460.055935,124.179294,-3.474493,-2.067788
DJI_0382.jpg,2507617.798189,1139149.702758,459.899033,124.251439,-0.526332,-1.528074,1.003060,0.655680,0.758412,0.032001,1.466322,0.079002,-0.149443,-1.456545,2507618.453852,1139150.461149,459.931033,124.330441,-0.675775,-2.984619
DJI_0383.jpg,2507622.364169,1139146.958919,459.984815,124.414385,0.338728,-1.859414,1.257751,0.729807,1.023121,0.050417,1.850590,-0.018119,-0.068013,-1.849251,2507623.093957,1139147.982012,460.035232,124.396266,0.270715,-3.708665
DJI_0384.jpg,2507627.517754,1139143.313975,460.150607,124.472086,-0.397504,-1.705328,1.450480,0.491377,1.358264,0.132514,2.101190,-0.150111,0.488512,-2.038093,2507628.009118,1139144.672202,460.283120,124.321975,0.091008,-3.743421
DJI_0385.jpg,2507632.552688,1139139.827289,460.157627,124.596471,-0.718912,-1.620066,1.666406,0.104135,1.646738,0.233067,2.408159,-0.304598,1.274572,-2.020375,2507632.656820,1139141.473983,460.390694,124.291873,0.555660,-3.640441
DJI_0386.jpg,2507637.256687,1139136.512371,460.217348,124.567446,-0.406232,-1.505656,1.441134,0.827169,1.133350,0.328903,1.996328,-0.310531,-0.006090,-1.972019,2507638.083834,1139137.645691,460.546251,124.256915,-0.412322,-3.477675
DJI_0387.jpg,2507642.035882,1139133.178905,460.301557,124.545122,-0.114280,-1.430999,1.824124,1.537568,0.953834,0.231330,2.528857,-0.350909,-0.970355,-2.308764,2507643.573409,1139134.132714,460.532887,124.194213,-1.084635,-3.739763
DJI_0388.jpg,2507647.060954,1139129.688356,460.431751,124.559243,0.372743,-1.407834,2.244132,1.979334,1.054962,0.073622,3.110381,-0.306011,-1.421931,-2.749353,2507649.040235,1139130.743290,460.505372,124.253232,-1.049188,-4.157187
DJI_0389.jpg,2507652.207837,1139126.382340,460.553957,124.528776,-0.370853,-1.669189,1.705633,1.147070,1.262281,-0.007844,2.271647,-0.335378,-0.247285,-2.233104,2507653.354876,1139127.644587,460.546113,124.193398,-0.618138,-3.902293
DJI_0390.jpg,2507657.464871,1139122.815180,460.651999,124.440070,-0.795840,-1.730069,1.785455,0.509929,1.711075,-0.006497,2.349595,-0.226464,0.846425,-2.180109,2507657.974787,1139124.526209,460.645502,124.213606,0.050585,-3.910178
DJI_0391.jpg,2507662.697357,1139119.241028,460.679271,124.378775,-0.687199,-1.741947,1.497335,0.354612,1.449198,0.126837,1.848990,-0.019353,0.693373,-1.713950,2507663.051959,1139120.690187,460.806108,124.359422,0.006174,-3.455897
DJI_0392.jpg,2507667.706145,1139115.848076,460.645296,124.346735,-0.571648,-1.816096,1.419538,0.656037,1.249612,0.152232,1.774668,0.243751,0.101544,-1.754913,2507668.362164,1139117.097654,460.797527,124.590486,-0.470104,-3.571009
DJI_0393.jpg,2507672.600329,1139112.645890,460.659808,124.331039,-0.333795,-1.973991,1.298058,0.758790,1.043079,0.145525,1.700362,0.371432,-0.232930,-1.642867,2507673.359099,1139113.688941,460.805333,124.702471,-0.566725,-3.616858
DJI_0394.jpg,2507677.778233,1139109.026463,460.711802,124.290771,-0.641185,-1.954963,1.127584,0.642891,0.916277,0.136280,1.533808,0.422350,-0.210673,-1.459385,2507678.421107,1139109.942715,460.848082,124.713121,-0.851858,-3.414348
DJI_0395.jpg,2507682.655359,1139105.690911,460.770428,124.394568,-0.467669,-1.975264,1.062503,0.522662,0.915268,0.134242,1.464801,0.400307,-0.073706,-1.407112,2507683.178007,1139106.606155,460.904669,124.794875,-0.541375,-3.382376
DJI_0396.jpg,2507687.556084,1139102.302590,460.861111,124.378327,-0.389854,-2.032404,0.925839,0.313088,0.858890,0.146500,1.307389,0.431763,0.133935,-1.226747,2507687.869164,1139103.161457,461.007611,124.810090,-0.255919,-3.259151
DJI_0397.jpg,2507692.496046,1139099.097781,460.961248,124.297137,-0.081753,-2.217328,0.664727,-0.107854,0.643078,0.129152,0.927746,0.425811,0.453375,-0.688367,2507692.388195,1139099.740841,461.090400,124.722948,0.371622,-2.905695
DJI_0398.jpg,2507697.681373,1139095.455712,461.034790,124.086750,-0.494005,-2.147472,0.402720,-0.024604,0.373636,0.148237,0.627463,0.332379,0.165235,-0.505896,2507697.656770,1139095.829338,461.183027,124.419129,-0.328770,-2.653368
DJI_0399.jpg,2507702.996317,1139091.940390,461.023741,123.920794,-0.873329,-2.197681,0.326104,-0.010428,0.277654,0.170715,0.554314,0.296005,0.101222,-0.457601,2507702.985889,1139092.218036,461.194456,124.216799,-0.772107,-2.655282
DJI_0400.jpg,2507704.304806,1139091.007402,460.927282,123.812231,-1.172410,-1.931084,0.309269,-0.016898,0.253156,0.176844,0.532137,0.287918,0.098335,-0.436581,2507704.287908,1139091.260551,461.104126,124.100149,-1.074075,-2.367665
#Total error,,,,,,,1.216643,0.877391,0.782057,0.314314,,,,,,,,,,
